-0.6164210957401383 -0.10781971537046572 0.11026482388015862
-0.6147337803915355 -0.10873910991130535 0.11514948269959557
-0.6130638021319329 -0.10964931686060268 0.11998569612113283
-0.6114109748978699 -0.11055042904591812 0.12477394031220798
-0.6097751149682766 -0.11144253830783428 0.12951468654292286
-0.6081560409212623 -0.11232573551304663 0.1342084012603278
-0.6065535735921924 -0.11320011056715362 0.1388555461605389
-0.6049675360329582 -0.1140657524271576 0.14345657825887836
-0.6033977534723812 -0.1149227491136873 0.14801194995796246
-0.6018440532777031 -0.11577118772295288 0.1525221091138777
-0.6003062649170859 -0.11661115443844228 0.15698749910042975
-0.5987842199231026 -0.1174427345423681 0.16140855887156857
-0.5972777518571618 -0.11826601242687344 0.16578572302198163
-0.5957866962748183 -0.1190810716050057 0.17011942184598963
-0.594310890691966 -0.11988799472146476 0.17441008139469588
-0.5928501745518664 -0.12068686356313506 0.17865812353151506
-0.5914043891929797 -0.12147775906940668 0.1828639659861172
-0.5899733778175901 -0.12226076134229438 0.18702802240680017
-0.5885569854611955 -0.12303594965636037 0.1911507024113958
-0.5871550589626359 -0.1238034024684474 0.19523241163672928
-0.5857674469349504 -0.12456319742722831 0.19927355178669431
-0.5843939997369431 -0.12531541138257948 0.20327452067898907
-0.5830345694454286 -0.1260601203947833 0.20723571229057824
-0.5816890098281625 -0.12679739974356344 0.21115751680190953
-0.5803571763174223 -0.12752732393696317 0.21504032063995926
-0.5790389259842309 -0.12824996672006686 0.21888450652013627
-0.5777341175132032 -0.12896540108357446 0.22269045348710897
-0.5764426111780131 -0.12967369927223016 0.22645853695459078
-0.5751642688174425 -0.13037493279311335 0.230189128744137
-0.5738989538120316 -0.1310691724237941 0.23388259712299636
-0.5726465310612794 -0.131756488220358 0.23753930684106722
-0.5714068669614081 -0.13243694952530674 0.2411596191669917
-0.5701798293836587 -0.1331106249753366 0.24474389192343887
-0.5689652876531235 -0.13377758250899854 0.2482924795216096
-0.5677631125280722 -0.1344378893742459 0.2518057329950106
-0.5665731761797909 -0.13509161213587031 0.2552840000325276
-0.5653953521728956 -0.13573881668283286 0.2587276250108383
-0.5642295154461082 -0.13637956823548963 0.2621369490261938
-0.5630755422935023 -0.13701393135271964 0.26551230992561475
-0.5619333103461763 -0.13764196993895372 0.26885404233751675
-0.560802698554359 -0.1382637472511095 0.2721624777018047
-0.5596835871699298 -0.13887932590543517 0.27543794429946955
-0.5585758577293394 -0.13948876788426537 0.27868076728169555
-0.5574793930369109 -0.1400921345426878 0.28189126869853043
-0.5563940771485303 -0.14068948661512853 0.2850697675271228
-0.5553197953556842 -0.14128088422185295 0.2882165796995478
-0.5542564341698556 -0.14186638687538897 0.2913320181302623
-0.5532038813072562 -0.1424460534868711 0.2944163927431955
-0.5521620256738832 -0.14301994237230842 0.29747001049848515
-0.5511307573508888 -0.14358811125877874 0.3004931754189004
-0.5501099675802588 -0.14415061729054982 0.30348618861595167
-0.5490995487507798 -0.1447075170351303 0.30644934831570425
-0.5480993943842857 -0.14525886648924907 0.3093829498843112
-0.5471093991221841 -0.14580472108476986 0.3122872858532885
-0.5461294587122357 -0.14634513569453578 0.3151626459445266
-0.5451594699955907 -0.1468801646381495 0.3180093170950615
-0.5441993308940696 -0.14740986168768977 0.3208275834816172
-0.5432489403976721 -0.14793428007336393 0.3236177265449241
-0.5423081985523222 -0.1484534724890989 0.3263800250138208
-0.5413770064478196 -0.1489674910980696 0.3291147549291555
-0.5404552662060058 -0.14947638753816916 0.33182218966748056
-0.5395428809691356 -0.1499802129274187 0.33450259996456677
-0.5386397548884395 -0.1504790178693181 0.3371562539387225
-0.5377457931128731 -0.15097285245814152 0.3397834171139385
-0.5368609017780535 -0.15146176628417307 0.3423843524428557
-0.5359849879953634 -0.15194580843889005 0.34495932032956245
-0.5351179598412314 -0.1524250275200873 0.34750857865222584
-0.5342597263465698 -0.1528994716369506 0.3500323827855599
-0.5334101974863749 -0.15336918841507263 0.35253098562313534
-0.532569284169479 -0.15383422500141877 0.3550046375995317
-0.5317368982284477 -0.15429462806923794 0.3574535867123346
-0.530912952409623 -0.15475044382292433 0.3598780785439808
-0.5300973603633022 -0.15520171800282428 0.3622783562834567
-0.5292900366340564 -0.15564849588999508 0.36465466074784303
-0.5284908966511717 -0.1560908223109126 0.36700723040371824
-0.5276998567192266 -0.15652874164212918 0.36933630138841245
-0.5269168340087809 -0.1569622978148824 0.371642107531116
-0.5261417465471945 -0.15739153431965552 0.3739248803738481
-0.5253745132095576 -0.15781649421069 0.3761848491922816
-0.5246150537097307 -0.15823722011044944 0.3784222410164229
-0.5238632885915051 -0.15865375421403755 0.3806372806511509
-0.5231191392198584 -0.15906613829356905 0.3828301906966168
-0.522382527772325 -0.15947441370249482 0.3850011915685013
-0.5216533772304618 -0.1598786213798808 0.3871505015181295
-0.5209316113714209 -0.16027880185464172 0.38927833665244826
-0.5202171547596118 -0.16067499524973158 0.39138491095385985
-0.5195099327384677 -0.16106724128628774 0.3934704362999173
-0.5188098714223003 -0.16145557928773327 0.39553512248287814
-0.5181168976882454 -0.16184004818383432 0.39757917722911906
-0.5174309391683041 -0.16222068651471597 0.3996028062184069
-0.5167519242414669 -0.16259753243483419 0.40160621310303307
-0.516079782025928 -0.16297062371690801 0.4035895995268075
-0.5154144423713821 -0.16333999775580743 0.40555316514390627
-0.5147558358514067 -0.16370569157240272 0.407497107637585
-0.5141038937559259 -0.16406774181737124 0.4094216227387511
-0.513458548083755 -0.1644261847749648 0.4113269042443904
-0.5128197315352256 -0.1647810563667374 0.4132131440358577
-0.5121873775048874 -0.1651323921552333 0.41508053209702545
-0.5115614200742914 -0.16548022734763543 0.4169292565322936
-0.5109417940048421 -0.16582459679937675 0.41875950358445413
-0.5103284347307323 -0.166165535017712 0.4205714576524203
-0.5097212783519471 -0.1665030761652522 0.422365301308812
-0.5091202616273438 -0.16683725406346295 0.42414121531740256
-0.5085253219678009 -0.1671681021961225 0.4258993786504264
-0.5079363974294426 -0.1674956537127483 0.42763996850574215
-0.5073534267069306 -0.1678199414319824 0.42936316032386423
-0.5067763491268251 -0.16814099784494427 0.4310691278048443
-0.5062051046410158 -0.16845885511854738 0.43275804292502296
-0.5056396338202215 -0.1687735450987803 0.43443007595363664
-0.5050798778475558 -0.16908509931395416 0.43608539546929015
-0.5045257785121573 -0.1693935489779146 0.43772416837628536
-0.5039772782028908 -0.16969892499322192 0.43934655992081717
-0.5034343199021072 -0.17000125795429555 0.44095273370702814
-0.502896847179472 -0.1703005781505267 0.44254285171292884
-0.5023648041858552 -0.17059691556935833 0.4441170743061798
-0.5018381356472856 -0.17089029989933185 0.4456755602597374
-0.5013167868589655 -0.17118076053310327 0.4472184667673637
-0.5008007036793496 -0.1714683265704265 0.44874594945900126
-0.5002898325242819 -0.17175302682110513 0.4502581624160152
-0.49978412036119596 -0.1720348898079152 0.4517552581862967
-0.4992835147033726 -0.1723139437694953 0.4532373877992374
-0.4987879636042584 -0.17259021666320745 0.45470470078056724
-0.4982974156518414 -0.17286373616796763 0.4561573451670633
-0.4978118199630863 -0.1731345296870473 0.4575954675211256
-0.49733112617842595 -0.17340262435084552 0.4590192129452181
-0.49685528445631205 -0.17366804701963137 0.46042872509618754
-0.4963842454678178 -0.17393082428625928 0.4618241461994439
-0.49591796039130054 -0.17419098247885437 0.4632056170630181
-0.4954563809071183 -0.1744485476634714 0.46457327709148777
-0.4949994591924012 -0.17470354564672536 0.46592726429977815
-0.4945471479158758 -0.17495600197839434 0.4672677153268336
-0.49409940023274546 -0.1752059419539965 0.4685947654491671
-0.4936561697796221 -0.17545339061733928 0.46990854859428055
-0.49321741066951075 -0.17569837276304257 0.4712091973539604
-0.49278307748684774 -0.1759409129390362 0.4724968429974551
-0.4923531252825894 -0.17618103544903074 0.4737716154845246
-0.4919275095693508 -0.17641876435496395 0.4750336434783688
-0.4915061863165985 -0.17665412347942028 0.47628305435843654
-0.4910891119458898 -0.1768871364080274 0.47751997423311426
-0.49067624332616305 -0.1771178264918263 0.47874452795229083
-0.49026753776907944 -0.1773462168496185 0.4799568391198128
-0.4898629530244091 -0.17757233037028744 0.4811570301058109
-0.48946244727546895 -0.17779618971509806 0.4823452220589195
-0.4890659791346078 -0.17801781731997035 0.4835215349183738
-0.4886735076387362 -0.17823723539773192 0.48468608742599356
-0.4882849922449072 -0.178454465940346 0.48583899713805434
-0.48790039282593967 -0.17866953072111685 0.48698038043704295
-0.48751966966608984 -0.1788824512968734 0.48811035254330243
-0.48714278345676804 -0.17909324901012894 0.48922902752656294
-0.48676969529229935 -0.1793019449912208 0.4903365183173657
-0.4864003666657295 -0.1795085601604265 0.49143293671837196
-0.4860347594646747 -0.17971311523005878 0.4925183934155689
-0.4856728359672168 -0.17991563070654032 0.4935929979893614
-0.4853145588378375 -0.1801161268924553 0.49465685892556355
-0.48495989112340077 -0.1803146238885819 0.4957100836262769
-0.4846087962491722 -0.1805111415959034 0.4967527784206677
-0.4842612380148849 -0.1807056997175986 0.4977850485756393
-0.48391718059084404 -0.18089831776101226 0.49880699830639796
-0.48357658851407326 -0.18108901503960584 0.4998187307869203
-0.483239426684502 -0.18127781067488818 0.5008203481603145
-0.48290566036119253 -0.18146472359832647 0.5018119515490849
-0.4825752551586075 -0.18164977255323814 0.5027936410652937
-0.4822481770429159 -0.1818329760966634 0.5037655158206227
-0.4819243923283393 -0.18201435260121882 0.504727673936339
-0.48160386767353525 -0.18219392025693248 0.5056802125531624
-0.48128657007802034 -0.18237169707306 0.5066232278410361
-0.4809724668786295 -0.1825477008798834 0.5075568150088002
-0.48066152574601456 -0.1827219493304901 0.5084810683137743
-0.48035371468117793 -0.18289445990253542 0.5093960810712408
-0.4800490020120437 -0.1830652498999867 0.5103019456638384
-0.4797473563900662 -0.1832343364548499 0.5111987535508644
-0.4794487467868718 -0.1834017365288789 0.5120865952774807
-0.47915314249093854 -0.18356746691526765 0.5129655604838337
-0.47886051310430994 -0.18373154424032523 0.5138357379140821
-0.47857082853934335 -0.18389398496513376 0.5146972154253371
-0.4782840590154932 -0.18405480538719063 0.5155500799965124
-0.4780001750561278 -0.18421402164203282 0.5163944177370889
-0.4777191474853801 -0.18437164970484637 0.5172303138957917
-0.4774409474250313 -0.18452770539205865 0.518057852869181
-0.4771655462914287 -0.18468220436291516 0.5188771182101604
-0.47689291579243404 -0.1848351621210404 0.5196881926363967
-0.47662302792440575 -0.1849865940159831 0.5204911580386615
-0.4763558549692132 -0.18513651524474595 0.5212860954890866
-0.47609136949128006 -0.18528494085330063 0.5220730852493379
-0.47582954433466396 -0.1854318857380862 0.5228522067787104
-0.4755703526201593 -0.18557736464749414 0.5236235387421408
-0.47531376774244005 -0.1857213921833377 0.5243871590181418
-0.47505976336722355 -0.18586398280230645 0.5251431447066577
-0.47480831342847174 -0.1860051508174074 0.5258915721368403
-0.47455939212561665 -0.18614491039938963 0.5266325168747502
-0.47431297392081867 -0.18628327557815721 0.5273660537309799
-0.47406903353625174 -0.18642026024416608 0.5280922567682015
-0.47382754595141785 -0.18655587814980815 0.5288111993086396
-0.47358848640049034 -0.18669014291078065 0.5295229539414698
-0.4733518303696837 -0.18682306800744297 0.5302275925301427
-0.4731175535946542 -0.18695466678615894 0.5309251862196376
-0.4728856320579236 -0.18708495246062637 0.5316158054436407
-0.4726560419863341 -0.1872139381131933 0.532299519931654
-0.4724287598485274 -0.18734163669616047 0.5329763987160341
-0.4722037623524518 -0.18746806103307206 0.5336465101389573
-0.4719810264428952 -0.18759322381999238 0.5343099218593199
-0.4717605292990433 -0.18771713762677045 0.5349667008595667
-0.4715422483320647 -0.1878398148982924 0.5356169134524512
-0.47132616118272064 -0.18796126795572018 0.5362606252877324
-0.47111224571900084 -0.18808150899771955 0.5368979013588006
-0.47090048003378254 -0.18820055010167427 0.5375288060092359
-0.470690842442516 -0.1883184032248897 0.5381534029393086
-0.47048331148093336 -0.18843508020578328 0.538771755212407
-0.4702778659027814 -0.18855059276506392 0.5393839252614053
-0.4700744846775789 -0.18866495250689938 0.5399899748949667
-0.46987314698839694 -0.18877817092007193 0.5405899653037829
-0.4696738322296629 -0.1888902593791231 0.5411839570667544
-0.46947652000498746 -0.18900122914548617 0.5417720101571042
-0.46928119012501385 -0.18911109136860854 0.5423541839484357
-0.46908782260529097 -0.18921985708706185 0.5429305372207258
-0.46889639766416724 -0.18932753722964202 0.54350112816626
-0.4687068957207079 -0.18943414261645786 0.5440660143955107
-0.468519297392633 -0.18953968396000864 0.5446252529429507
-0.4683335834942781 -0.18964417186625204 0.5451789002728148
-0.4681497350345758 -0.18974761683566016 0.5457270122848006
-0.4679677332150586 -0.1898500292642664 0.5462696443197127
-0.4677875594278813 -0.1899514194447004 0.5468068511650516
-0.4676091952538678 -0.19005179756721458 0.5473386870605449
-0.467432622460573 -0.19015117372069887 0.547865205703626
-0.46725782300037005 -0.19024955789368622 0.5483864602548546
-0.4670847790085549 -0.19034695997534837 0.5489025033432869
-0.4669134728014702 -0.19044338975648084 0.5494133870717879
-0.4667438868746513 -0.19053885693047914 0.5499191630222942
-0.4665760039009894 -0.1906333710943045 0.5504198822610231
-0.4664098067289144 -0.19072694174944094 0.5509155953436277
-0.46624527838059804 -0.19081957830284185 0.5514063523203039
-0.4660824020501736 -0.1909112900678681 0.5518922027408433
-0.4659211611019755 -0.19100208626521617 0.5523731956596379
-0.46576153906879825 -0.19109197602383754 0.5528493796406326
-0.4656035196501706 -0.19118096838184867 0.55332080276223
-0.4654470867106512 -0.19126907228743253 0.5537875126221461
-0.46529222427813915 -0.19135629659973033 0.5542495563422143
-0.46513891654220385 -0.1914426500897253 0.5547069805731473
-0.4649871478524322 -0.19152814144111704 0.5551598314992453
-0.4648369027167912 -0.19161277925118766 0.555608154843061
-0.4646881658000106 -0.19169657203165918 0.5560519958700164
-0.4645409219219795 -0.19177952820954267 0.556491399392974
-0.46439515605616133 -0.1918616561279784 0.5569264097767619
-0.4642508533280253 -0.19194296404706848 0.5573570709426539
-0.4641079990134929 -0.19202346014470031 0.5577834263728045
-0.46396657853740225 -0.19210315251736323 0.5582055191146399
-0.4638265774719866 -0.19218204918095555 0.5586233917852045
-0.4636879815353707 -0.19226015807158459 0.5590370865754656
-0.46355077659008037 -0.19233748704635878 0.5594466452545724
-0.46341494864156996 -0.19241404388417138 0.5598521091740741
-0.4632804838367636 -0.19248983628647698 0.5602535192720973
-0.46314736846261184 -0.19256487187805993 0.5606509160774772
-0.4630155889446636 -0.1926391582077956 0.5610443397138513
-0.4628851318456526 -0.1927127027494034 0.5614338299037116
-0.46275598386409855 -0.19278551290219345 0.5618194259724144
-0.4626281318329232 -0.19285759599180466 0.562201166852153
-0.46250156271807935 -0.19292895927093628 0.5625790910858871
-0.46237626361719686 -0.19299960992007223 0.5629532368312353
-0.46225222175823955 -0.19306955504819764 0.5633236418643291
-0.4621294244981776 -0.19313880169350892 0.563690343583626
-0.46200785932167393 -0.19320735682411672 0.564053379013686
-0.4618875138397835 -0.19327522733874147 0.5644127848089114
-0.46176837578866553 -0.19334242006740254 0.5647685972572463
-0.4616504330283117 -0.19340894177210075 0.5651208522838411
-0.4615336735412831 -0.19347479914749321 0.5654695854546815
-0.4614180854314649 -0.19353999882156245 0.5658148319801773
-0.4613036569228305 -0.1936045473562785 0.5661566267187194
-0.46119037635821963 -0.1936684512482545 0.5664950041801985
-0.46107823219813 -0.1937317169293956 0.5668299985294901
-0.4609672130195194 -0.1937943507675419 0.5671616435899044
-0.46085730751462206 -0.1938563590671047 0.5674899728466009
-0.46074850448977644 -0.1939177480696965 0.5678150194499697
-0.4606407928642642 -0.19397852395475468 0.5681368162189786
-0.46053416166916344 -0.19403869284015934 0.5684553956444863
-0.4604286000462111 -0.1940982607828446 0.5687707898925242
-0.460324097246679 -0.19415723377940416 0.5690830308075429
-0.46022064263026125 -0.19421561776669094 0.5693921499156278
-0.4601182256639714 -0.1942734186224103 0.5696981784276824
-0.4600168359210535 -0.19433064216570792 0.5700011472425797
-0.4599164630799028 -0.19438729415775147 0.5703010869502818
-0.4598170969229975 -0.19444338030230707 0.5705980278349276
-0.45971872733584207 -0.19449890624630917 0.5708919998778923
-0.45962134430592133 -0.19455387758042567 0.5711830327608124
-0.4595249379216652 -0.19460829983961694 0.571471155868584
-0.4594294983714243 -0.19466217850368944 0.5717563982923296
-0.45933501594245507 -0.194715518997844 0.5720387888323334
-0.4592414810199171 -0.19476832669321828 0.5723183560009519
-0.45914888408587917 -0.1948206069074242 0.5725951280254902
-0.45905721571833663 -0.19487236490508014 0.5728691328510536
-0.4589664665902377 -0.19492360589833763 0.5731403981433671
-0.4588766274685213 -0.19497433504740266 0.5734089512915711
-0.4587876892131629 -0.19502455746105235 0.5736748194109849
-0.45869964277623204 -0.19507427819714607 0.5739380293458438
-0.45861247920095805 -0.1951235022631316 0.5741986076720117
-0.4585261896208064 -0.1951722346165466 0.5744565806996619
-0.4584407652585637 -0.19522048016551424 0.5747119744759343
-0.4583561974254325 -0.19526824376923546 0.5749648147875656
-0.45827247752013556 -0.19531553023847437 0.5752151271634917
-0.4581895970280287 -0.19536234433604052 0.575462936877426
-0.4581075475202234 -0.1954086907772657 0.5757082689504099
-0.4580263206527185 -0.19545457423047602 0.5759511481533405
-0.45794590816553915 -0.1954999993174592 0.5761915990094704
-0.4578663018818868 -0.19554497061392753 0.5764296457968835
-0.45778749370729666 -0.19558949264997613 0.5766653125509462
-0.4577094756288044 -0.1956335699105369 0.5768986230667342
-0.45763223971412004 -0.1956772068358271 0.5771296009014352
-0.4575557781108122 -0.19572040782179473 0.5773582693767256
-0.4574800830454994 -0.1957631772205585 0.5775846515811267
-0.4574051468230504 -0.19580551934084411 0.5778087703723354
-0.45733096182579086 -0.19584743844841546 0.5780306483795303
-0.45725752051272184 -0.1958889387665027 0.5782503080056582
-0.4571848154187418 -0.19593002447622485 0.5784677714296953
-0.4571128391538806 -0.1959706997170089 0.5786830606088852
-0.45704158440253817 -0.19601096858700473 0.5788961972809571
-0.4569710439227325 -0.19605083514349553 0.5791072029663196
-0.45690121054535615 -0.1960903034033051 0.5793160989702335
-0.4568320771734375 -0.1961293773431994 0.5795229063849627
-0.45676363678141285 -0.19616806090028605 0.5797276460919031
-0.456695882414404 -0.1962063579724085 0.5799303387636915
-0.45662880718750287 -0.19624427241853704 0.5801310048662924
-0.4565624042850658 -0.1962818080591555 0.5803296646610637
-0.45649666696001134 -0.19631896867664422 0.5805263382068024
-0.456431588533129 -0.19635575801565944 0.58072104536177
-0.45636716239239317 -0.19639217978350876 0.5809138057856971
-0.4563033819922826 -0.1964282376505228 0.5811046389417676
-0.456240240853111 -0.1964639352504232 0.5812935640985841
-0.45617773256035943 -0.1964992761806872 0.5814806003321134
-0.45611585076402 -0.19653426400290827 0.581665766527612
-0.4560545891779423 -0.1965689022431535 0.5818490813815329
-0.45599394157919 -0.19660319439231708 0.5820305634034121
-0.45593390180740173 -0.19663714390647055 0.5822102309177385
-0.4558744637641592 -0.1966707542072096 0.5823881020658037
-0.45581562141236137 -0.19670402868199702 0.582564194807532
-0.45575736877560596 -0.19673697068450274 0.5827385269232956
-0.4556996999375765 -0.19676958353494053 0.5829111160157082
-0.455642609041435 -0.19680187052040057 0.5830819795114022
-0.45558609028922253 -0.1968338348951797 0.5832511346627889
-0.4555301379412645 -0.19686547988110797 0.5834185985497987
-0.45547474631558216 -0.1968968086678716 0.5835843880816073
-0.4554199097873109 -0.19692782441333356 0.5837485199983403
-0.4553656227881231 -0.19695853024385013 0.5839110108727661
-0.4553118798056582 -0.19698892925458472 0.584071877111966
-0.4552586753829583 -0.19701902450981879 0.584231134958993
-0.4552060041179079 -0.19704881904325905 0.5843888004945105
-0.45515386066268276 -0.19707831585834235 0.5845448896384156
-0.4551022397232001 -0.19710751792853695 0.5846994181514462
-0.45505113605857744 -0.197136428197641 0.5848524016367731
-0.4550005444805965 -0.19716504958007836 0.5850038555415742
-0.4549504598531715 -0.19719338496119093 0.5851537951585943
-0.45490087709182303 -0.19722143719752824 0.5853022356276889
-0.45485179116315877 -0.19724920911713492 0.5854491919373526
-0.45480319708435735 -0.19727670351983384 0.5855946789262324
-0.4547550899226591 -0.1973039231775079 0.585738711284626
-0.4547074647948609 -0.19733087083437797 0.5858813035559636
-0.45466031686681724 -0.1973575492072789 0.586022470138278
-0.4546136413529449 -0.19738396098593192 0.5861622252856568
-0.454567433515734 -0.19741010883321522 0.5863005831096816
-0.4545216886652634 -0.1974359953854311 0.5864375575808529
-0.4544764021587208 -0.197461623252571 0.5865731625300009
-0.4544315693999287 -0.19748699501857747 0.5867074116496803
-0.4543871858388735 -0.19751211324160392 0.5868403184955545
-0.45434324697124095 -0.19753698045427165 0.5869718964877626
-0.4542997483379559 -0.19756159916392388 0.5871021589122755
-0.45425668552472565 -0.19758597185287832 0.5872311189222356
-0.4542140541615898 -0.19761010097867604 0.5873587895392867
-0.45417184992247306 -0.1976339889743286 0.5874851836548864
-0.45413006852474336 -0.1976576382485625 0.5876103140316098
-0.45408870572877413 -0.19768105118606136 0.5877341933044359
-0.454047757337511 -0.1977042301477052 0.5878568339820246
-0.4540072191960441 -0.19772717747080817 0.5879782484479785
-0.4539670871911823 -0.1977498954693531 0.5880984489620943
-0.4539273572510336 -0.1977723864342242 0.5882174476615991
-0.4538880253445894 -0.1977946526334372 0.5883352565623768
-0.4538490874813127 -0.19781669631236748 0.5884518875601811
-0.45381053971073093 -0.19783851969397565 0.5885673524318352
-0.4537723781220323 -0.19786012497903105 0.5886816628364224
-0.45373459884366596 -0.19788151434633297 0.5887948303164624
-0.453697198042948 -0.19790268995292967 0.5889068662990763
-0.4536601719256696 -0.19792365393433506 0.5890177820971406
-0.4536235167357091 -0.19794440840474387 0.5891275889104296
-0.4535872287546501 -0.19796495545724369 0.5892362978267454
-0.4535513043014004 -0.1979852971640256 0.5893439198230378
-0.4535157397318178 -0.1980054355765928 0.5894504657665124
-0.45348053143833694 -0.19802537272596632 0.5895559464157276
-0.4534456758496025 -0.19804511062288974 0.5896603724216809
-0.4534111694301037 -0.19806465125803124 0.5897637543288836
-0.45337700867981445 -0.19808399660218368 0.5898661025764268
-0.4533431901338358 -0.198103148606463 0.5899674274990334
-0.4533097103620429 -0.19812210920250398 0.5900677393281031
-0.453276565968735 -0.19814088030265528 0.5901670481927446
-0.45324375359228886 -0.19815946380017102 0.590265364120798
-0.4532112699048168 -0.1981778615694017 0.5903626970398473
-0.45317911161182606 -0.19819607546598242 0.5904590567782236
-0.4531472754518842 -0.1982141073270197 0.5905544530659956
-0.4531157581962859 -0.1982319589712763 0.5906488955359539
-0.45308455664872366 -0.19824963219935401 0.5907423937245818
-0.4530536676449627 -0.19826712879387495 0.5908349570730193
-0.4530230880525172 -0.1982844505196608 0.5909265949280154
-0.45299281477033226 -0.19830159912391035 0.591017316542872
-0.45296284472846743 -0.1983185763363754 0.5911071310783794
-0.4529331748877834 -0.19833538386953464 0.5911960476037385
-0.4529038022396327 -0.19835202341876598 0.5912840750974786
-0.45287472380555355 -0.19836849666251719 0.5913712224483633
-0.452845936636965 -0.19838480526247473 0.5914574984562876
-0.4528174378148683 -0.19840095086373108 0.5915429118331668
-0.452789224449548 -0.19841693509495006 0.5916274712038149
-0.45276129368027856 -0.19843275956853085 0.5917111851068173
-0.4527336426750323 -0.19844842588077027 0.5917940619953918
-0.4527062686301914 -0.1984639356120234 0.5918761102382408
-0.45267916877026193 -0.19847929032686248 0.5919573381203991
-0.45265234034759183 -0.19849449157423477 0.5920377538440668
-0.45262578064208964 -0.1985095408876179 0.5921173655294415
-0.4525994869609496 -0.19852443978517456 0.5921961812155341
-0.4525734566383755 -0.19853918976990537 0.5922742088609833
-0.45254768703531056 -0.1985537923297998 0.5923514563448574
-0.4525221755391679 -0.19856824893798633 0.5924279314674514
-0.45249691956356514 -0.1985825610528805 0.5925036419510725
-0.45247191654806057 -0.19859673011833165 0.5925785954408214
-0.4524471639578929 -0.19861075756376864 0.5926527995053635
-0.452422659283723 -0.19862464480434336 0.5927262616376935
-0.4523984000413783 -0.19863839324107332 0.5927989892558905
-0.4523743837716009 -0.19865200426098276 0.5928709897038693
-0.4523506080397958 -0.19866547923724215 0.59294227025212
-0.4523270704357842 -0.19867881952930663 0.5930128380984421
-0.45230376857355775 -0.19869202648305265 0.5930827003686729
-0.45228070009103627 -0.1987051014309138 0.5931518641174046
-0.4522578626498264 -0.19871804569201448 0.5932203363286982
-0.45223525393498487 -0.19873086057230324 0.5932881239167881
-0.45221287165478197 -0.19874354736468391 0.5933552337267806
-0.4521907135404688 -0.19875610734914598 0.593421672535344
-0.4521687773460466 -0.19876854179289338 0.5934874470513939
-0.452147060848038 -0.19878085195047224 0.5935525639167695
-0.45212556184526087 -0.19879303906389692 0.5936170297069054
-0.45210427815860443 -0.1988051043627755 0.5936808509314953
-0.4520832076308077 -0.1988170490644332 0.5937440340351471
-0.45206234812624024 -0.1988288743740353 0.593806585398037
-0.45204169753068396 -0.19884058148470837 0.5938685113365508
-0.45202125375111935 -0.19885217157766027 0.5939298181039236
-0.45200101471551235 -0.1988636458222995 0.5939905118908699
-0.4519809783726029 -0.19887500537635266 0.5940505988262091
-0.45196114269169707 -0.19888625138598115 0.5941100849774844
-0.4519415056624602 -0.19889738498589668 0.5941689763515751
-0.45192206529471296 -0.19890840729947548 0.5942272788953032
-0.4519028196182279 -0.19891931943887137 0.5942849984960348
-0.45188376668253083 -0.198930122505128 0.5943421409822719
-0.45186490455670086 -0.19894081758828988 0.5943987121242442
-0.45184623132917534 -0.19895140576751144 0.5944547176344896
-0.4518277451075544 -0.1989618881111667 0.5945101631684311
-0.4518094440184101 -0.19897226567695628 0.5945650543249482
-0.4517913262070939 -0.19898253951201417 0.5946193966469429
-0.4517733898375502 -0.19899271065301302 0.5946731956218974
-0.45175563309212874 -0.19900278012626904 0.5947264566824306
-0.4517380541713993 -0.19901274894784474 0.5947791852068446
-0.4517206512939704 -0.1990226181236519 0.5948313865196689
-0.45170342269630676 -0.19903238864955256 0.5948830658921973
-0.45168636663255046 -0.19904206151145953 0.5949342285430207
-0.45166948137434443 -0.19905163768543546 0.5949848796385535
-0.4516527652106552 -0.19906111813779157 0.5950350242935559
-0.4516362164476006 -0.19907050382518476 0.5950846675716494
-0.4516198334082768 -0.19907979569471404 0.5951338144858289
-0.45160361443258784 -0.19908899468401603 0.5951824699989681
-0.45158755787707744 -0.19909810172135928 0.5952306390243219
-0.45157166211476174 -0.19910711772573808 0.5952783264260206
-0.4515559255349638 -0.19911604360696467 0.5953255370195629
-0.4515403465431508 -0.19912488026576142 0.5953722755723002
-0.4515249235607708 -0.19913362859385114 0.5954185468039198
-0.4515096550250936 -0.19914228947404725 0.5954643553869206
-0.451494539389051 -0.19915086378034247 0.5955097059470844
-0.4514795751210803 -0.19915935237799728 0.5955546030639438
-0.4514647607049687 -0.19916775612362667 0.5955990512712444
-0.4514500946396986 -0.19917607586528688 0.5956430550574019
-0.4514355754392961 -0.1991843124425604 0.5956866188659562
-0.45142120163267957 -0.1991924666866413 0.5957297470960198
-0.4514069717635102 -0.1992005394204182 0.5957724441027215
-0.45139288439004427 -0.19920853145855763 0.5958147141976464
-0.45137893808498647 -0.1992164436075863 0.5958565616492718
-0.4513651314353455 -0.19922427666597195 0.5958979906833972
-0.45135146304228985 -0.19923203142420404 0.5959390054835718
-0.45133793152100665 -0.19923970866487373 0.595979610191517
-0.4513245355005596 -0.1992473091627521 0.5960198089075431
-0.45131127362375184 -0.1992548336848688 0.5960596056909654
-0.4512981445469862 -0.1992622829905892 0.5960990045605122
-0.45128514694012994 -0.19926965783169084 0.5961380094947326
-0.45127227948637905 -0.19927695895243938 0.596176624432396
-0.45125954088212517 -0.1992841870896633 0.5962148532728915
-0.4512469298368227 -0.1992913429728287 0.5962526998766206
-0.45123444507285787 -0.19929842732411235 0.5962901680653875
-0.45122208532541946 -0.19930544085847468 0.596327261622785
-0.45120984934237 -0.1993123842837319 0.5963639842945764
-0.4511977358841189 -0.19931925830062738 0.5964003397890734
-0.4511857437234958 -0.19932606360290198 0.5964363317775113
-0.4511738716456275 -0.19933280087736446 0.5964719638944189
-0.4511621184478135 -0.19933947080396042 0.596507239737986
-0.4511504829394041 -0.19934607405584084 0.5965421628704266
-0.45113896394167985 -0.1993526112994302 0.596576736818338
-0.4511275602877318 -0.19935908319449325 0.5966109650730584
-0.4511162708223428 -0.19936549039420196 0.596644851091018
-0.45110509440187063 -0.19937183354520105 0.5966783982940875
-0.4510940298941318 -0.19937811328767338 0.596711610069926
-0.45108307617828647 -0.19938433025540447 0.596744489772321
-0.45107223214472475 -0.19939048507584628 0.5967770407215273
-0.4510614966949546 -0.19939657837018063 0.5968092662046035
-0.4510508687414897 -0.19940261075338173 0.5968411694757425
-0.45104034720773906 -0.19940858283427818 0.5968727537566003
-0.4510299310278986 -0.19941449521561438 0.596904022236622
-0.4510196191468419 -0.1994203484941115 0.5969349780733635
-0.45100941052001403 -0.19942614326052727 0.5969656243928104
-0.45099930411332523 -0.19943188009971582 0.596995964289693
-0.4509892989030457 -0.19943755959068662 0.5970260008277998
-0.4509793938757021 -0.19944318230666278 0.597055737040286
-0.4509695880279747 -0.19944874881513883 0.5970851759299807
-0.4509598803665955 -0.19945425967793826 0.5971143204696887
-0.4509502699082474 -0.19945971545126967 0.5971431736024922
-0.4509407556794643 -0.19946511668578326 0.5971717382420476
-0.450931336716533 -0.19947046392662612 0.5972000172728785
-0.4509220120653945 -0.19947575771349751 0.5972280135506683
-0.45091278078154795 -0.1994809985807028 0.5972557299025482
-0.4509036419299544 -0.19948618705720786 0.5972831691273822
-0.4508945945849421 -0.19949132366669203 0.5973103339960508
-0.45088563783011254 -0.19949640892760118 0.5973372272517294
-0.4508767707582479 -0.19950144335319975 0.5973638516101668
-0.4508679924712181 -0.19950642745162292 0.5973902097599574
-0.4508593020798909 -0.19951136172592732 0.597416304362815
-0.4508506987040405 -0.1995162466741421 0.5974421380538396
-0.4508421814722593 -0.19952108278931927 0.5974677134417851
-0.45083374952186867 -0.19952587055958304 0.5974930331093212
-0.4508254019988319 -0.1995306104681793 0.5975180996132956
-0.4508171380576677 -0.1995353029935245 0.5975429154849912
-0.45080895686136424 -0.19953994860925348 0.5975674832303818
-0.450800857581294 -0.19954454778426767 0.5975918053303858
-0.45079283939713016 -0.19954910098278197 0.5976158842411159
-0.4507849014967633 -0.19955360866437205 0.5976397223941277
-0.45077704307621874 -0.19955807128402034 0.5976633221966645
-0.4507692633395757 -0.19956248929216197 0.5976866860319019
-0.45076156149888547 -0.1995668631347304 0.5977098162591863
-0.4507539367740927 -0.1995711932532021 0.597732715214275
-0.4507463883929556 -0.19957548008464138 0.5977553852095706
-0.45073891559096774 -0.19957972406174423 0.5977778285343561
-0.45073151761128044 -0.19958392561288218 0.5978000474550247
-0.45072419370462646 -0.19958808516214538 0.5978220442153088
-0.45071694312924315 -0.19959220312938522 0.5978438210365074
-0.45070976515079847 -0.1995962799302571 0.5978653801177098
-0.4507026590423153 -0.199600315976262 0.5978867236360176
-0.45069562408409847 -0.1996043116747881 0.5979078537467647
-0.4506886595636618 -0.19960826742915186 0.5979287725837347
-0.4506817647756552 -0.19961218363863883 0.5979494822593767
-0.45067493902179406 -0.19961606069854368 0.5979699848650192
-0.4506681816107874 -0.19961989900021035 0.5979902824710794
-0.4506614918582691 -0.19962369893107124 0.5980103771272742
-0.45065486908672714 -0.1996274608746866 0.598030270862826
-0.45064831262543575 -0.19963118521078294 0.5980499656866686
-0.45064182181038753 -0.19963487231529156 0.5980694635876485
-0.45063539598422525 -0.19963852256038636 0.5980887665347274
-0.450629034496176 -0.1996421363145213 0.5981078764771802
-0.45062273670198505 -0.19964571394246777 0.5981267953447919
-0.45061650196385034 -0.19964925580535137 0.5981455250480523
-0.4506103296503579 -0.19965276226068804 0.5981640674783496
-0.4506042191364181 -0.19965623366242055 0.5981824245081604
-0.4505981698032019 -0.19965967036095392 0.5982005979912396
-0.4505921810380779 -0.19966307270319075 0.5982185897628073
-0.4505862522345513 -0.19966644103256664 0.5982364016397338
-0.45058038279220125 -0.19966977568908414 0.5982540354207238
-0.45057457211662055 -0.19967307700934767 0.5982714928864968
-0.4505688196193556 -0.19967634532659728 0.5982887757999688
-0.4505631247178458 -0.19967958097074204 0.5983058859064283
-0.45055748683536584 -0.19968278426839367 0.5983228249337141
-0.45055190540096596 -0.19968595554289922 0.5983395945923888
-0.4505463798494149 -0.19968909511437388 0.5983561965759119
-0.45054090962114285 -0.19969220329973328 0.5983726325608105
-0.4505354941621833 -0.1996952804127252 0.5983889042068493
-0.4505301329241187 -0.1996983267639616 0.5984050131571979
-0.4505248253640235 -0.19970134266094966 0.5984209610385958
-0.4505195709444098 -0.19970432840812308 0.598436749461518
-0.4505143691331729 -0.1997072843068724 0.598452380020337
-0.4505092194035365 -0.1997102106555758 0.598467854293484
-0.45050412123400085 -0.19971310774962903 0.598483173843608
-0.4504990741082884 -0.19971597588147508 0.5984983402177336
-0.45049407751529236 -0.19971881534063424 0.5985133549474175
-0.45048913094902465 -0.19972162641373245 0.5985282195489031
-0.4504842339085644 -0.19972440938453093 0.5985429355232736
-0.4504793858980078 -0.19972716453395448 0.5985575043566033
-0.4504745864264169 -0.19972989214012002 0.5985719275201079
-0.45046983500777094 -0.19973259247836445 0.5985862064702931
-0.450465131160916 -0.1997352658212725 0.5986003426491018
-0.45046047440951703 -0.19973791243870423 0.598614337484059
-0.45045586428200945 -0.19974053259782248 0.5986281923884169
-0.45045130031155084 -0.1997431265631194 0.5986419087612973
-0.45044678203597466 -0.1997456945964435 0.5986554879878321
-0.45044230899774207 -0.19974823695702593 0.5986689314393047
-0.45043788074389673 -0.1997507539015066 0.598682240473287
-0.4504334968260181 -0.19975324568396013 0.5986954164337772
-0.45042915680017664 -0.19975571255592153 0.5987084606513354
-0.4504248602268885 -0.19975815476641154 0.5987213744432184
-0.4504206066710708 -0.1997605725619617 0.5987341591135115
-0.4504163957019979 -0.19976296618663925 0.5987468159532614
-0.4504122268932575 -0.1997653358820719 0.5987593462406063
-0.4504080998227074 -0.19976768188747196 0.598771751240905
-0.45040401407243336 -0.19977000443966078 0.5987840322068633
-0.4503999692287058 -0.19977230377309238 0.5987961903786629
-0.4503959648819382 -0.1997745801198771 0.598808226984085
-0.4503920006266463 -0.19977683370980545 0.5988201432386344
-0.4503880760614059 -0.19977906477037058 0.5988319403456631
-0.45038419078881264 -0.199781273526792 0.5988436194964913
-0.4503803444154424 -0.19978346020203774 0.5988551818705268
-0.4503765365518104 -0.1997856250168472 0.5988666286353859
-0.45037276681233224 -0.19978776818975308 0.5988779609470094
-0.4503690348152847 -0.1997898899371038 0.5988891799497814
-0.4503653401827675 -0.1997919904730851 0.5989002867766425
-0.45036168254066433 -0.19979407000974175 0.5989112825492069
-0.4503580615186049 -0.1997961287569989 0.5989221683778729
-0.45035447674992873 -0.1997981669226832 0.598932945361937
-0.4503509278716462 -0.19980018471254413 0.5989436145897045
-0.4503474145244029 -0.19980218233027405 0.598954177138598
-0.4503439363524431 -0.1998041599775297 0.5989646340752682
-0.45034049300357337 -0.19980611785395172 0.5989749864557014
-0.45033708412912676 -0.19980805615718505 0.5989852353253237
-0.4503337093839284 -0.19980997508289927 0.5989953817191105
-0.4503303684262596 -0.19981187482480778 0.5990054266616867
-0.4503270609178236 -0.19981375557468764 0.5990153711674341
-0.450323786523711 -0.1998156175223989 0.599025216240591
-0.4503205449123665 -0.1998174608559038 0.5990349628753554
-0.4503173357555543 -0.1998192857612855 0.599044612055984
-0.45031415872832614 -0.19982109242276727 0.5990541647568927
-0.45031101350898683 -0.19982288102273063 0.5990636219427545
-0.45030789977906327 -0.19982465174173417 0.5990729845685969
-0.4503048172232711 -0.1998264047585314 0.5990822535798985
-0.45030176552948287 -0.19982814025008902 0.5990914299126842
-0.450298744388697 -0.19982985839160483 0.5991005144936199
-0.4502957534950055 -0.1998315593565252 0.5991095082401067
-0.4502927925455642 -0.19983324331656274 0.5991184120603722
-0.45028986124056103 -0.19983491044171336 0.5991272268535633
-0.4502869592831864 -0.19983656090027405 0.5991359535098366
-0.45028408637960254 -0.19983819485885904 0.5991445929104482
-0.45028124223891397 -0.19983981248241736 0.5991531459278429
-0.450278426573138 -0.19984141393424892 0.5991616134257423
-0.45027563909717616 -0.1998429993760213 0.599169996259232
-0.4502728795287838 -0.1998445689677859 0.5991782952748475
-0.4502701475885433 -0.1998461228679945 0.5991865113106605
-0.4502674429998346 -0.19984766123351458 0.5991946451963629
-0.45026476548880734 -0.19984918421964568 0.5992026977533511
-0.4502621147843535 -0.1998506919801349 0.5992106697948081
-0.4502594906180797 -0.19985218466719232 0.5992185621257865
-0.45025689272428004 -0.19985366243150662 0.5992263755432893
-0.4502543208399091 -0.19985512542226003 0.5992341108363509
-0.4502517747045553 -0.19985657378714347 0.5992417687861157
-0.45024925406041494 -0.19985800767237152 0.5992493501659183
-0.4502467586522652 -0.19985942722269714 0.5992568557413611
-0.4502442882274392 -0.19986083258142623 0.5992642862703909
-0.4502418425358 -0.1998622238904321 0.5992716425033763
-0.4502394213297154 -0.19986360129016997 0.5992789251831834
-0.4502370243640324 -0.1998649649196909 0.59928613504525
-0.45023465139605284 -0.19986631491665585 0.5992932728176616
-0.45023230218550897 -0.19986765141734977 0.5993003392212228
-0.4502299764945383 -0.19986897455669517 0.5993073349695315
-0.4502276740876608 -0.19987028446826585 0.5993142607690506
-0.45022539473175366 -0.19987158128430021 0.5993211173191789
-0.45022313819602816 -0.19987286513571487 0.5993279053123233
-0.45022090425200756 -0.19987413615211774 0.5993346254339659
-0.45021869267350156 -0.19987539446182093 0.599341278362736
-0.45021650323658524 -0.19987664019185394 0.5993478647704772
-0.45021433571957586 -0.1998778734679765 0.5993543853223154
-0.45021218990301015 -0.19987909441469107 0.5993608406767266
-0.4502100655696226 -0.1998803031552555 0.5993672314856022
-0.4502079625043227 -0.19988149981169553 0.5993735583943158
-0.45020588049417376 -0.19988268450481697 0.5993798220417885
-0.4502038193283716 -0.19988385735421813 0.5993860230605532
-0.45020177879822204 -0.1998850184783016 0.5993921620768169
-0.4501997586971211 -0.19988616799428638 0.599398239710527
-0.4501977588205332 -0.19988730601821963 0.5994042565754308
-0.45019577896597074 -0.19988843266498854 0.5994102132791405
-0.45019381893297344 -0.19988954804833164 0.5994161104231917
-0.4501918785230887 -0.19989065228085062 0.5994219486031057
-0.4501899575398503 -0.19989174547402144 0.5994277284084498
-0.45018805578875976 -0.1998928277382057 0.5994334504228961
-0.45018617307726516 -0.19989389918266154 0.5994391152242805
-0.45018430921474367 -0.19989495991555525 0.5994447233846619
-0.4501824640124803 -0.1998960100439716 0.5994502754703788
-0.4501806372836497 -0.19989704967392477 0.5994557720421072
-0.45017882884329763 -0.19989807891036934 0.599461213654917
-0.450177038508321 -0.19989909785721055 0.5994666008583288
-0.45017526609745034 -0.19990010661731494 0.5994719341963676
-0.4501735114312316 -0.1999011052925207 0.5994772142076196
-0.4501717743320067 -0.19990209398364817 0.599482441425286
-0.4501700546238971 -0.1999030727905095 0.5994876163772355
-0.45016835213278467 -0.19990404181191931 0.5994927395860601
-0.4501666666862952 -0.19990500114570417 0.5994978115691263
-0.4501649981137797 -0.19990595088871277 0.5995028328386268
-0.45016334624629845 -0.1999068911368257 0.5995078039016342
-0.45016171091660284 -0.19990782198496498 0.5995127252601502
-0.4501600919591191 -0.19990874352710378 0.5995175974111573
-0.45015848920993085 -0.19990965585627568 0.5995224208466692
-0.4501569025067632 -0.1999105590645843 0.5995271960537792
-0.45015533168896643 -0.19991145324321266 0.5995319235147114
-0.45015377659749833 -0.199912338482432 0.5995366037068676
-0.4501522370749098 -0.19991321487161132 0.5995412371028763
-0.4501507129653281 -0.19991408249922601 0.5995458241706403
-0.450149204114441 -0.19991494145286715 0.5995503653733844
-0.45014771036948126 -0.19991579181925012 0.5995548611697011
-0.4501462315792113 -0.1999166336842235 0.5995593120135981
-0.4501447675939078 -0.1999174671327775 0.5995637183545433
-0.4501433182653465 -0.19991829224905278 0.5995680806375102
-0.4501418834467872 -0.1999191091163488 0.5995723993030241
-0.45014046299295885 -0.1999199178171324 0.5995766747872047
-0.45013905676004506 -0.19992071843304596 0.5995809075218115
-0.4501376646056692 -0.19992151104491557 0.5995850979342867
-0.45013628638888 -0.19992229573275946 0.5995892464477988
-0.450134921970138 -0.19992307257579578 0.5995933534812853
-0.4501335712113004 -0.19992384165245083 0.5995974194494943
-0.45013223397560737 -0.19992460304036697 0.5996014447630277
-0.4501309101276688 -0.19992535681641024 0.5996054298283816
-0.45012959953344994 -0.19992610305667818 0.5996093750479872
-0.45012830206025795 -0.19992684183650786 0.5996132808202524
-0.4501270175767286 -0.19992757323048288 0.5996171475396019
-0.45012574595281285 -0.19992829731244152 0.5996209755965156
-0.4501244870597638 -0.19992901415548375 0.59962476537757
-0.4501232407701237 -0.19992972383197877 0.5996285172654761
-0.4501220069577106 -0.1999304264135723 0.5996322316391177
-0.45012078549760637 -0.19993112197119386 0.5996359088735913
-0.45011957626614296 -0.1999318105750639 0.599639549340242
-0.45011837914089126 -0.19993249229470078 0.5996431534067023
-0.4501171940006472 -0.19993316719892795 0.5996467214369289
-0.4501160207254207 -0.19993383535588088 0.5996502537912394
-0.45011485919642286 -0.1999344968330138 0.5996537508263482
-0.4501137092960541 -0.19993515169710663 0.5996572128954041
-0.45011257090789236 -0.19993580001427166 0.5996606403480234
-0.450111443916681 -0.19993644184996037 0.5996640335303279
-0.4501103282083176 -0.19993707726896973 0.5996673927849783
-0.45010922366984213 -0.1999377063354492 0.5996707184512085
-0.4501081301894252 -0.1999383291129066 0.599674010864861
-0.45010704765635745 -0.19993894566421513 0.5996772703584208
-0.4501059759610375 -0.19993955605161928 0.5996804972610474
-0.45010491499496186 -0.1999401603367414 0.5996836918986103
-0.45010386465071306 -0.19994075858058774 0.5996868545937194
-0.4501028248219489 -0.1999413508435546 0.5996899856657598
-0.4501017954033925 -0.19994193718543465 0.5996930854309233
-0.4501007762908201 -0.19994251766542262 0.5996961542022397
-0.45009976738105245 -0.1999430923421216 0.5996991922896087
-0.4500987685719425 -0.1999436612735488 0.5997021999998321
-0.4500977797623664 -0.19994422451714142 0.5997051776366434
-0.4500968008522126 -0.19994478212976238 0.5997081255007397
-0.4500958317423717 -0.19994533416770627 0.599711043889811
-0.450094872334727 -0.19994588068670482 0.5997139330985714
-0.4500939225321434 -0.19994642174193258 0.5997167934187876
-0.45009298223845917 -0.19994695738801255 0.5997196251393093
-0.45009205135847485 -0.19994748767902165 0.599722428546098
-0.4500911297979442 -0.19994801266849618 0.5997252039222559
-0.4500902174635645 -0.19994853240943725 0.5997279515480548
-0.45008931426296733 -0.19994904695431615 0.599730671700964
-0.4500884201047089 -0.19994955635507947 0.599733364655678
-0.450087534898261 -0.19995006066315466 0.5997360306841456
-0.4500866585540018 -0.19995055992945485 0.5997386700555957
-0.450085790983207 -0.19995105420438436 0.5997412830365654
-0.45008493209804007 -0.1999515435378435 0.5997438698909271
-0.4500840818115442 -0.1999520279792338 0.5997464308799144
-0.4500832400376332 -0.19995250757746286 0.5997489662621491
-0.4500824066910829 -0.19995298238094936 0.5997514762936671
-0.45008158168752205 -0.19995345243762788 0.5997539612279443
-0.4500807649434242 -0.19995391779495397 0.5997564213159221
-0.4500799563760991 -0.19995437849990844 0.5997588568060328
-0.45007915590368475 -0.1999548345990027 0.5997612679442245
-0.4500783634451384 -0.19995528613828317 0.5997636549739866
-0.4500775789202287 -0.19995573316333567 0.5997660181363734
-0.45007680224952773 -0.19995617571929067 0.5997683576700291
-0.4500760333544027 -0.19995661385082714 0.5997706738112122
-0.45007527215700815 -0.19995704760217758 0.5997729667938182
-0.45007451858027747 -0.19995747701713215 0.5997752368494045
-0.4500737725479166 -0.19995790213904335 0.5997774842072131
-0.45007303398439463 -0.19995832301083025 0.5997797090941935
-0.4500723028149368 -0.1999587396749828 0.5997819117350266
-0.4500715789655176 -0.19995915217356622 0.5997840923521461
-0.450070862362852 -0.19995956054822514 0.5997862511657619
-0.45007015293438885 -0.199959964840188 0.5997883883938826
-0.4500694506083035 -0.1999603650902708 0.5997905042523362
-0.45006875531349033 -0.19996076133888174 0.5997925989547932
-0.4500680669795558 -0.199961153626025 0.5997946727127873
-0.4500673855368107 -0.19996154199130475 0.5997967257357377
-0.4500667109162638 -0.19996192647392935 0.5997987582309687
-0.45006604304961473 -0.19996230711271504 0.5998007704037327
-0.4500653818692467 -0.1999626839460901 0.5998027624572291
-0.45006472730822 -0.19996305701209863 0.599804734592626
-0.4500640793002648 -0.19996342634840436 0.5998066870090797
-0.4500634377797753 -0.1999637919922945 0.5998086199037551
-0.450062802681802 -0.19996415398068348 0.5998105334718465
-0.4500621739420461 -0.19996451235011672 0.5998124279065957
-0.45006155149685223 -0.1999648671367743 0.5998143033993126
-0.4500609352832024 -0.19996521837647452 0.5998161601393939
-0.45006032523870954 -0.19996556610467767 0.5998179983143433
-0.45005972130161115 -0.19996591035648947 0.5998198181097892
-0.4500591234107634 -0.19996625116666478 0.5998216197095037
-0.4500585315056339 -0.19996658856961086 0.5998234032954223
-0.4500579455262971 -0.19996692259939114 0.5998251690476601
-0.4500573654134266 -0.19996725328972845 0.5998269171445325
-0.45005679110829083 -0.1999675806740084 0.5998286477625712
-0.45005622255274563 -0.19996790478528298 0.5998303610765434
-0.450055659689229 -0.1999682256562737 0.599832057259468
-0.4500551024607554 -0.1999685433193749 0.5998337364826347
-0.4500545508109099 -0.1999688578066571 0.5998353989156202
-0.4500540046838421 -0.19996916914987012 0.5998370447263056
-0.4500534640242608 -0.19996947738044654 0.5998386740808938
-0.45005292877742836 -0.19996978252950456 0.599840287143925
-0.45005239888915577 -0.1999700846278514 0.5998418840782953
-0.4500518743057954 -0.1999703837059861 0.5998434650452709
-0.4500513549742376 -0.19997067979410296 0.5998450302045066
-0.45005084084190433 -0.19997097292209437 0.5998465797140602
-0.4500503318567434 -0.19997126311955393 0.5998481137304092
-0.45004982796722426 -0.1999715504157792 0.5998496324084672
-0.45004932912233214 -0.1999718348397751 0.5998511359015977
-0.4500488352715631 -0.1999721164202564 0.5998526243616314
-0.4500483463649185 -0.19997239518565085 0.5998540979388811
-0.4500478623529009 -0.199972671164102 0.5998555567821562
-0.4500473831865075 -0.19997294438347207 0.5998570010387783
-0.45004690881722687 -0.19997321487134467 0.5998584308545959
-0.45004643919703297 -0.19997348265502765 0.5998598463739995
-0.4500459742783805 -0.199973747761556 0.5998612477399358
-0.4500455140142004 -0.19997401021769423 0.599862635093922
-0.45004505835789443 -0.1999742700499394 0.5998640085760604
-0.45004460726333145 -0.1999745272845236 0.5998653683250526
-0.4500441606848417 -0.19997478194741675 0.599866714478213
-0.45004371857721287 -0.19997503406432912 0.5998680471714835
-0.45004328089568524 -0.1999752836607139 0.5998693665394461
-0.45004284759594715 -0.19997553076176983 0.5998706727153379
-0.45004241863413075 -0.19997577539244374 0.5998719658310634
-0.4500419939668069 -0.19997601757743302 0.599873246017208
-0.45004157355098184 -0.1999762573411883 0.5998745134030522
-0.45004115734409217 -0.1999764947079156 0.5998757681165827
-0.4500407453040002 -0.19997672970157893 0.5998770102845075
-0.4500403373889904 -0.19997696234590287 0.599878240032267
-0.45003993355776484 -0.1999771926643748 0.5998794574840477
-0.4500395337694391 -0.19997742068024715 0.5998806627627947
-0.450039137983538 -0.19997764641654003 0.599881855990223
-0.4500387461599916 -0.19997786989604335 0.5998830372868311
-0.45003835825913113 -0.1999780911413191 0.5998842067719126
-0.4500379742416849 -0.19997831017470397 0.5998853645635684
-0.4500375940687744 -0.19997852701831093 0.5998865107787185
-0.4500372177019105 -0.19997874169403232 0.5998876455331137
-0.4500368451029892 -0.19997895422354123 0.5998887689413474
-0.4500364762342882 -0.19997916462829446 0.5998898811168674
-0.4500361110584627 -0.1999793729295339 0.5998909821719869
-0.45003574953854175 -0.19997957914828945 0.5998920722178966
-0.4500353916379246 -0.19997978330538044 0.599893151364675
-0.45003503732037703 -0.19997998542141832 0.5998942197213003
-0.4500346865500274 -0.1999801855168083 0.5998952773956602
-0.45003433929136344 -0.19998038361175174 0.599896324494565
-0.45003399550922807 -0.19998057972624791 0.5998973611237558
-0.45003365516881644 -0.19998077388009616 0.5998983873879173
-0.45003331823567205 -0.199980966092898 0.599899403390687
-0.4500329846756834 -0.19998115638405892 0.599900409234666
-0.4500326544550804 -0.19998134477279028 0.5999014050214301
-0.4500323275404314 -0.1999815312781116 0.5999023908515391
-0.45003200389863907 -0.19998171591885214 0.5999033668245471
-0.45003168349693734 -0.19998189871365285 0.5999043330390136
-0.45003136630288865 -0.1999820796809685 0.5999052895925112
-0.45003105228437995 -0.1999822588390692 0.5999062365816389
-0.45003074140961946 -0.19998243620604245 0.5999071741020278
-0.45003043364713397 -0.19998261179979493 0.5999081022483539
-0.4500301289657654 -0.19998278563805436 0.5999090211143465
-0.4500298273346673 -0.1999829577383711 0.5999099307927978
-0.4500295287233022 -0.19998312811812013 0.5999108313755717
-0.45002923310143883 -0.19998329679450277 0.5999117229536138
-0.45002894043914765 -0.19998346378454837 0.5999126056169607
-0.4500286507067994 -0.19998362910511588 0.5999134794547483
-0.45002836387506145 -0.19998379277289582 0.5999143445552211
-0.45002807991489463 -0.1999839548044119 0.5999152010057422
-0.4500277987975502 -0.19998411521602252 0.5999160488928003
-0.45002752049456796 -0.1999842740239226 0.5999168883020194
-0.4500272449777722 -0.19998443124414517 0.5999177193181673
-0.45002697221926924 -0.19998458689256293 0.599918542025165
-0.45002670219144497 -0.19998474098488997 0.5999193565060938
-0.45002643486696126 -0.19998489353668317 0.5999201628432039
-0.4500261702187543 -0.19998504456334387 0.5999209611179239
-0.4500259082200304 -0.1999851940801196 0.5999217514108679
-0.4500256488442651 -0.19998534210210528 0.5999225338018438
-0.45002539206519865 -0.19998548864424506 0.5999233083698614
-0.45002513785683473 -0.19998563372133363 0.5999240751931408
-0.45002488619343695 -0.1999857773480177 0.5999248343491205
-0.45002463704952667 -0.1999859195387976 0.5999255859144635
-0.4500243903998804 -0.1999860603080288 0.5999263299650671
-0.4500241462195273 -0.19998619966992312 0.5999270665760695
-0.45002390448374624 -0.1999863376385503 0.5999277958218576
-0.45002366516806386 -0.19998647422783952 0.5999285177760747
-0.4500234282482512 -0.19998660945158062 0.5999292325116274
-0.4500231937003228 -0.19998674332342561 0.599929940100694
-0.45002296150053267 -0.19998687585688998 0.5999306406147301
-0.450022731625373 -0.1999870070653542 0.5999313341244774
-0.45002250405157074 -0.19998713696206483 0.5999320206999705
-0.45002227875608614 -0.19998726556013602 0.5999327004105437
-0.45002205571611037 -0.199987392872551 0.599933373324837
-0.4500218349090627 -0.19998751891216296 0.5999340395108056
-0.4500216163125883 -0.19998764369169666 0.5999346990357243
-0.45002139990455636 -0.19998776722374978 0.5999353519661956
-0.4500211856630577 -0.19998788952079388 0.5999359983681561
-0.45002097356640247 -0.19998801059517593 0.5999366383068823
-0.4500207635931176 -0.19998813045911945 0.5999372718469993
-0.45002055572194544 -0.19998824912472574 0.599937899052485
-0.4500203499318409 -0.19998836660397515 0.599938519986678
-0.4500201462019699 -0.1999884829087282 0.5999391347122839
-0.45001994451170624 -0.1999885980507268 0.5999397432913808
-0.4500197448406313 -0.19998871204159568 0.5999403457854262
-0.4500195471685297 -0.19998882489284314 0.5999409422552634
-0.4500193514753894 -0.19998893661586256 0.5999415327611272
-0.450019157741398 -0.19998904722193325 0.5999421173626496
-0.45001896594694213 -0.19998915672222192 0.5999426961188673
-0.45001877607260415 -0.19998926512778362 0.5999432690882258
-0.4500185880991613 -0.1999893724495628 0.5999438363285869
-0.4500184020075827 -0.1999894786983945 0.5999443978972337
-0.4500182177790285 -0.19998958388500548 0.5999449538508762
-0.45001803539484775 -0.19998968802001543 0.5999455042456577
-0.4500178548365749 -0.1999897911139374 0.59994604913716
-0.4500176760859309 -0.1999898931771798 0.5999465885804092
-0.45001749912481864 -0.19998999422004674 0.5999471226298815
-0.45001732393532257 -0.19999009425273948 0.5999476513395076
-0.45001715049970636 -0.19999019328535717 0.5999481747626797
-0.45001697880041136 -0.19999029132789797 0.5999486929522557
-0.4500168088200545 -0.19999038839026018 0.5999492059605653
-0.45001664054142726 -0.19999048448224313 0.599949713839415
-0.45001647394749267 -0.1999905796135481 0.5999502166400931
-0.4500163090213849 -0.19999067379377944 0.5999507144133749
-0.4500161457464067 -0.1999907670324455 0.5999512072095285
-0.45001598410602794 -0.19999085933895958 0.5999516950783191
-0.4500158240838843 -0.19999095072264075 0.5999521780690142
-0.4500156656637748 -0.19999104119271507 0.5999526562303887
-0.45001550882966124 -0.19999113075831626 0.5999531296107302
-0.4500153535656654 -0.19999121942848683 0.599953598257843
-0.4500151998560684 -0.1999913072121787 0.5999540622190541
-0.45001504768530876 -0.19999139411825448 0.5999545215412162
-0.4500148970379805 -0.19999148015548815 0.5999549762707141
-0.45001474789883195 -0.1999915653325659 0.5999554264534693
-0.45001460025276435 -0.1999916496580871 0.5999558721349436
-0.4500144540848298 -0.19999173314056518 0.5999563133601442
-0.4500143093802304 -0.1999918157884284 0.5999567501736283
-0.4500141661243162 -0.19999189761002087 0.599957182619508
-0.45001402430258375 -0.19999197861360316 0.5999576107414537
-0.45001388390067515 -0.19999205880735324 0.5999580345826998
-0.45001374490437596 -0.1999921381993675 0.5999584541860479
-0.4500136072996141 -0.19999221679766116 0.5999588695938718
-0.45001347107245854 -0.19999229461016954 0.5999592808481218
-0.4500133362091175 -0.19999237164474842 0.5999596879903283
-0.4500132026959376 -0.1999924479091752 0.599960091061607
-0.4500130705194016 -0.19999252341114943 0.599960490102662
-0.450012939666128 -0.1999925981582936 0.5999608851537909
-0.45001281012286937 -0.19999267215815425 0.5999612762548878
-0.45001268187651056 -0.19999274541820225 0.5999616634454485
-0.4500125549140677 -0.19999281794583385 0.5999620467645733
-0.45001242922268736 -0.19999288974837143 0.5999624262509723
-0.4500123047896446 -0.19999296083306412 0.5999628019429676
-0.4500121816023413 -0.19999303120708845 0.599963173878499
-0.45001205964830643 -0.1999931008775494 0.5999635420951264
-0.45001193891519303 -0.1999931698514807 0.599963906630034
-0.4500118193907783 -0.19999323813584602 0.599964267520035
-0.45001170106296123 -0.19999330573753918 0.5999646248015741
-0.45001158391976254 -0.19999337266338532 0.5999649785107309
-0.45001146794932256 -0.19999343892014101 0.5999653286832255
-0.45001135313990037 -0.19999350451449568 0.59996567535442
-0.45001123947987276 -0.19999356945307153 0.5999660185593231
-0.4500111269577325 -0.19999363374242465 0.5999663583325935
-0.4500110155620881 -0.19999369738904582 0.5999666947085434
-0.45001090528166166 -0.19999376039936057 0.599967027721142
-0.4500107961052883 -0.19999382277973038 0.5999673574040182
-0.45001068802191524 -0.19999388453645314 0.5999676837904662
-0.4500105810205999 -0.19999394567576378 0.5999680069134451
-0.4500104750905096 -0.19999400620383487 0.5999683268055862
-0.4500103702209199 -0.19999406612677717 0.5999686434991941
-0.4500102664012136 -0.19999412545064055 0.5999689570262496
-0.45001016362088014 -0.1999941841814142 0.5999692674184153
-0.4500100618695141 -0.1999942423250276 0.5999695747070356
-0.4500099611368138 -0.1999942998873508 0.5999698789231425
-0.4500098614125813 -0.19999435687419526 0.5999701800974572
-0.45000976268672066 -0.19999441329131437 0.599970478260394
-0.4500096649492365 -0.19999446914440383 0.599970773442063
-0.4500095681902341 -0.19999452443910262 0.5999710656722733
-0.45000947239991745 -0.19999457918099323 0.599971354980536
-0.4500093775685886 -0.1999946333756023 0.5999716413960668
-0.45000928368664717 -0.19999468702840137 0.5999719249477896
-0.4500091907445883 -0.19999474014480706 0.599972205664339
-0.4500090987330025 -0.199994792730182 0.5999724835740632
-0.45000900764257445 -0.19999484478983515 0.5999727587050271
-0.45000891746408245 -0.19999489632902245 0.599973031085015
-0.4500088281883965 -0.19999494735294712 0.5999733007415332
-0.45000873980647826 -0.19999499786676067 0.5999735677018133
-0.45000865230938025 -0.19999504787556277 0.5999738319928142
-0.45000856568824393 -0.1999950973844023 0.5999740936412254
-0.45000847993430015 -0.1999951463982777 0.59997435267347
-0.45000839503886664 -0.1999951949221373 0.5999746091157059
-0.45000831099334904 -0.19999524296088006 0.5999748629938304
-0.45000822778923827 -0.19999529051935586 0.5999751143334817
-0.4500081454181107 -0.1999953376023663 0.5999753631600407
-0.45000806387162756 -0.19999538421466467 0.5999756094986362
-0.4500079831415324 -0.19999543036095702 0.5999758533741439
-0.4500079032196526 -0.19999547604590218 0.5999760948111923
-0.4500078240978965 -0.19999552127411246 0.5999763338341629
-0.4500077457682541 -0.19999556605015412 0.5999765704671935
-0.45000766822279514 -0.19999561037854768 0.5999768047341805
-0.45000759145366886 -0.19999565426376847 0.5999770366587815
-0.45000751545310314 -0.19999569771024714 0.5999772662644179
-0.450007440213404 -0.19999574072236995 0.5999774935742762
-0.4500073657269536 -0.19999578330447937 0.5999777186113111
-0.45000729198621126 -0.19999582546087452 0.5999779413982484
-0.45000721898371165 -0.19999586719581144 0.5999781619575867
-0.45000714671206354 -0.19999590851350366 0.5999783803115987
-0.45000707516395044 -0.1999959494181226 0.599978596482335
-0.45000700433212876 -0.1999959899137978 0.599978810491626
-0.4500069342094272 -0.1999960300046179 0.5999790223610834
-0.45000686478874696 -0.1999960696946303 0.599979232112103
-0.4500067960630595 -0.19999610898784204 0.5999794397658667
-0.4500067280254074 -0.1999961478882202 0.599979645343344
-0.45000666066890227 -0.19999618639969216 0.5999798488652958
-0.450006593986725 -0.19999622452614593 0.5999800503522748
-0.4500065279721245 -0.19999626227143075 0.5999802498246279
-0.4500064626184178 -0.19999629963935728 0.5999804473024991
-0.450006397918988 -0.19999633663369829 0.5999806428058312
-0.45000633386728556 -0.19999637325818864 0.5999808363543665
-0.4500062704568254 -0.1999964095165259 0.599981027967651
-0.45000620768118793 -0.19999644541237066 0.5999812176650349
-0.45000614553401763 -0.19999648094934697 0.5999814054656747
-0.45000608400902287 -0.19999651613104252 0.5999815913885357
-0.45000602309997506 -0.19999655096100938 0.5999817754523932
-0.45000596280070715 -0.19999658544276377 0.5999819576758351
-0.45000590310511507 -0.19999661957978718 0.5999821380772633
-0.45000584400715493 -0.19999665337552588 0.5999823166748958
-0.4500057855008436 -0.19999668683339186 0.5999824934867682
-0.4500057275802579 -0.19999671995676302 0.5999826685307362
-0.4500056702395341 -0.1999967527489835 0.5999828418244766
-0.4500056134728667 -0.19999678521336398 0.5999830133854894
-0.45000555727450925 -0.199996817353182 0.5999831832310998
-0.45000550163877173 -0.19999684917168237 0.5999833513784599
-0.45000544656002145 -0.19999688067207747 0.59998351784455
-0.45000539203268264 -0.19999691185754756 0.5999836826461807
-0.45000533805123477 -0.19999694273124113 0.5999838457999949
-0.45000528461021266 -0.19999697329627514 0.5999840073224685
-0.45000523170420614 -0.19999700355573533 0.5999841672299129
-0.4500051793278587 -0.1999970335126768 0.5999843255384764
-0.45000512747586796 -0.1999970631701239 0.599984482264146
-0.45000507614298463 -0.19999709253107084 0.5999846374227487
-0.4500050253240113 -0.19999712159848185 0.5999847910299532
-0.45000497501380327 -0.19999715037529164 0.5999849431012719
-0.45000492520726715 -0.19999717886440538 0.5999850936520613
-0.45000487589936045 -0.19999720706869936 0.5999852426975252
-0.4500048270850914 -0.19999723499102104 0.599985390252715
-0.4500047787595178 -0.1999972626341895 0.5999855363325315
-0.45000473091774734 -0.19999729000099553 0.5999856809517267
-0.45000468355493645 -0.19999731709420204 0.599985824124905
-0.4500046366662899 -0.1999973439165444 0.599985965866525
-0.45000459024706113 -0.19999737047073046 0.5999861061909003
-0.4500045442925502 -0.1999973967594412 0.5999862451122019
-0.45000449879810517 -0.19999742278533075 0.5999863826444585
-0.45000445375911957 -0.19999744855102655 0.5999865188015592
-0.45000440917103424 -0.19999747405912996 0.5999866535972533
-0.45000436502933455 -0.19999749931221622 0.599986787045154
-0.4500043213295519 -0.19999752431283488 0.5999869191587373
-0.4500042780672622 -0.19999754906350997 0.5999870499513443
-0.4500042352380853 -0.19999757356674033 0.5999871794361838
-0.45000419283768534 -0.1999975978249997 0.5999873076263316
-0.4500041508617698 -0.19999762184073733 0.5999874345347331
-0.4500041093060886 -0.1999976456163777 0.5999875601742041
-0.45000406816643496 -0.19999766915432116 0.5999876845574328
-0.45000402743864387 -0.19999769245694418 0.5999878076969796
-0.4500039871185921 -0.19999771552659934 0.5999879296052796
-0.4500039472021975 -0.1999977383656157 0.5999880502946446
-0.450003907685419 -0.1999977609762991 0.5999881697772618
-0.45000386856425584 -0.19999778336093232 0.5999882880651976
-0.45000382983474757 -0.19999780552177526 0.599988405170397
-0.45000379149297315 -0.1999978274610653 0.5999885211046865
-0.45000375353505057 -0.1999978491810173 0.599988635879773
-0.45000371595713734 -0.19999787068382427 0.5999887495072477
-0.45000367875542896 -0.19999789197165696 0.5999888619985851
-0.45000364192615905 -0.19999791304666464 0.5999889733651453
-0.450003605465599 -0.19999793391097503 0.5999890836181747
-0.4500035693700577 -0.19999795456669456 0.5999891927688071
-0.4500035336358806 -0.19999797501590863 0.5999893008280653
-0.4500034982594499 -0.1999979952606817 0.5999894078068618
-0.4500034632371845 -0.1999980153030578 0.5999895137159998
-0.4500034285655385 -0.19999803514506034 0.5999896185661744
-0.4500033942410016 -0.1999980547886925 0.5999897223679742
-0.4500033602600991 -0.1999980742359376 0.5999898251318814
-0.4500033266193905 -0.19999809348875885 0.599989926868274
-0.4500032933154701 -0.1999981125491002 0.5999900275874257
-0.4500032603449662 -0.19999813141888576 0.5999901272995078
-0.4500032277045409 -0.19999815010002073 0.59999022601459
-0.4500031953908896 -0.1999981685943911 0.5999903237426404
-0.45000316340074076 -0.19999818690386414 0.5999904204935288
-0.4500031317308558 -0.19999820503028826 0.5999905162770254
-0.45000310037802865 -0.19999822297549352 0.5999906111028026
-0.45000306933908507 -0.19999824074129166 0.5999907049804367
-0.4500030386108825 -0.19999825832947632 0.5999907979194085
-0.45000300819031 -0.19999827574182313 0.5999908899291024
-0.450002978074288 -0.19999829298009011 0.5999909810188111
-0.4500029482597674 -0.19999831004601754 0.5999910711977328
-0.4500029187437296 -0.19999832694132846 0.5999911604749744
-0.45000288952318684 -0.19999834366772853 0.5999912488595515
-0.45000286059518046 -0.1999983602269065 0.5999913363603898
-0.450002831956782 -0.19999837662053413 0.5999914229863255
-0.45000280360509193 -0.1999983928502665 0.5999915087461066
-0.45000277553724016 -0.1999984089177422 0.5999915936483936
-0.4500027477503848 -0.1999984248245834 0.5999916777017602
-0.45000272024171284 -0.199998440572396 0.5999917609146952
-0.4500026930084393 -0.19999845616276987 0.5999918432956013
-0.45000266604780703 -0.19999847159727902 0.5999919248527981
-0.4500026393570866 -0.19999848687748176 0.5999920055945213
-0.45000261293357574 -0.19999850200492073 0.599992085528925
-0.45000258677459953 -0.19999851698112314 0.5999921646640815
-0.45000256087750945 -0.19999853180760102 0.599992243007982
-0.4500025352396837 -0.19999854648585125 0.5999923205685385
-0.4500025098585266 -0.19999856101735566 0.5999923973535829
-0.4500024847314687 -0.19999857540358146 0.5999924733708698
-0.45000245985596615 -0.19999858964598097 0.5999925486280758
-0.45000243522950056 -0.19999860374599215 0.5999926231328008
-0.4500024108495787 -0.19999861770503854 0.5999926968925685
-0.45000238671373227 -0.19999863152452937 0.5999927699148278
-0.4500023628195178 -0.19999864520585992 0.5999928422069528
-0.4500023391645163 -0.19999865875041137 0.5999929137762441
-0.45000231574633287 -0.19999867215955125 0.5999929846299287
-0.45000229256259666 -0.1999986854346333 0.5999930547751623
-0.45000226961096057 -0.19999869857699776 0.5999931242190282
-0.45000224688910095 -0.19999871158797147 0.5999931929685396
-0.4500022243947173 -0.19999872446886793 0.5999932610306389
-0.45000220212553266 -0.1999987372209878 0.5999933284121994
-0.45000218007929194 -0.19999874984561825 0.5999933951200259
-0.45000215825376355 -0.19999876234403405 0.5999934611608548
-0.45000213664673794 -0.199998774717497 0.5999935265413553
-0.4500021152560274 -0.19999878696725623 0.5999935912681297
-0.45000209407946645 -0.1999987990945486 0.5999936553477146
-0.4500020731149108 -0.1999988111005983 0.5999937187865814
-0.45000205236023855 -0.19999882298661764 0.5999937815911357
-0.4500020318133483 -0.19999883475380653 0.5999938437677206
-0.45000201147215985 -0.19999884640335297 0.599993905322615
-0.4500019913346138 -0.19999885793643313 0.5999939662620347
-0.45000197139867126 -0.19999886935421127 0.5999940265921339
-0.45000195166231416 -0.19999888065784027 0.5999940863190051
-0.45000193212354456 -0.19999889184846123 0.5999941454486796
-0.4500019127803838 -0.199998902927204 0.5999942039871289
-0.450001893630874 -0.19999891389518706 0.5999942619402645
-0.4500018746730764 -0.19999892475351774 0.5999943193139389
-0.4500018559050717 -0.19999893550329229 0.5999943761139457
-0.45000183732495974 -0.19999894614559602 0.5999944323460211
-0.4500018189308595 -0.1999989566815033 0.5999944880158438
-0.45000180072090873 -0.1999989671120779 0.5999945431290357
-0.45000178269326396 -0.1999989774383729 0.5999945976911619
-0.4500017648460998 -0.19999898766143073 0.5999946517077333
-0.45000174717760977 -0.1999989977822836 0.5999947051842038
-0.4500017296860049 -0.19999900780195326 0.5999947581259744
-0.45000171236951436 -0.19999901772145132 0.599994810538391
-0.450001695226385 -0.19999902754177917 0.599994862426747
-0.45000167825488124 -0.19999903726392837 0.5999949137962821
-0.4500016614532849 -0.19999904688888037 0.599994964652184
-0.450001644819895 -0.19999905641760696 0.5999950149995884
-0.45000162835302754 -0.1999990658510701 0.5999950648435793
-0.45000161205101546 -0.19999907519022225 0.5999951141891909
-0.4500015959122083 -0.1999990844360062 0.5999951630414055
-0.45000157993497225 -0.19999909358935553 0.5999952114051575
-0.4500015641176896 -0.1999991026511942 0.5999952592853302
-0.45000154845875917 -0.19999911162243716 0.5999953066867589
-0.4500015329565954 -0.19999912050399016 0.5999953536142307
-0.45000151760962903 -0.19999912929674987 0.5999954000724844
-0.4500015024163065 -0.199999138001604 0.5999954460662119
-0.45000148737508927 -0.19999914661943133 0.5999954916000576
-0.45000147248445477 -0.19999915515110195 0.5999955366786198
-0.4500014577428954 -0.1999991635974772 0.5999955813064509
-0.45000144314891893 -0.19999917195940986 0.5999956254880576
-0.45000142870104753 -0.1999991802377441 0.5999956692279016
-0.4500014143978189 -0.19999918843331574 0.5999957125304
-0.4500014002377844 -0.1999991965469521 0.5999957553999256
-0.4500013862195109 -0.19999920457947248 0.5999957978408078
-0.4500013723415792 -0.19999921253168773 0.5999958398573324
-0.4500013586025842 -0.19999922040440077 0.5999958814537426
-0.4500013450011348 -0.19999922819840632 0.5999959226342388
-0.45000133153585414 -0.19999923591449134 0.59999596340298
-0.45000131820537903 -0.19999924355343482 0.5999960037640829
-0.45000130500835966 -0.19999925111600797 0.5999960437216235
-0.4500012919434602 -0.1999992586029743 0.599996083279637
-0.45000127900935805 -0.19999926601508974 0.5999961224421182
-0.4500012662047434 -0.19999927335310252 0.5999961612130219
-0.4500012535283202 -0.1999992806177536 0.5999961995962632
-0.45000124097880484 -0.19999928780977627 0.5999962375957184
-0.45000122855492697 -0.1999992949298967 0.5999962752152251
-0.45000121625542894 -0.1999993019788338 0.5999963124585822
-0.4500012040790653 -0.1999993089572992 0.5999963493295506
-0.45000119202460337 -0.19999931586599737 0.5999963858318539
-0.4500011800908227 -0.19999932270562581 0.5999964219691781
-0.45000116827651515 -0.19999932947687507 0.5999964577451729
-0.4500011565804847 -0.19999933618042884 0.599996493163451
-0.4500011450015471 -0.1999993428169638 0.5999965282275889
-0.45000113353853033 -0.19999934938715003 0.5999965629411278
-0.4500011221902738 -0.19999935589165083 0.5999965973075733
-0.4500011109556284 -0.1999993623311229 0.5999966313303957
-0.4500010998334569 -0.1999993687062164 0.5999966650130311
-0.45000108882263323 -0.19999937501757487 0.5999966983588809
-0.4500010779220427 -0.19999938126583555 0.5999967313713122
-0.45000106713058163 -0.19999938745162926 0.5999967640536593
-0.4500010564471577 -0.19999939357558053 0.5999967964092221
-0.4500010458706892 -0.1999993996383076 0.5999968284412687
-0.45000103540010505 -0.19999940564042254 0.5999968601530333
-0.45000102503434575 -0.1999994115825314 0.5999968915477185
-0.4500010147723616 -0.19999941746523398 0.5999969226284949
-0.45000100461311365 -0.19999942328912432 0.5999969533985009
-0.4500009945555733 -0.19999942905479023 0.5999969838608442
-0.45000098459872256 -0.19999943476281395 0.5999970140186006
-0.4500009747415533 -0.19999944041377174 0.5999970438748159
-0.45000096498306746 -0.1999994460082341 0.5999970734325052
-0.4500009553222772 -0.1999994515467658 0.5999971026946531
-0.45000094575820443 -0.19999945702992603 0.5999971316642151
-0.4500009362898808 -0.19999946245826838 0.5999971603441161
-0.45000092691634785 -0.19999946783234093 0.5999971887372529
-0.45000091763665656 -0.19999947315268615 0.5999972168464927
-0.45000090844986745 -0.19999947841984123 0.5999972446746742
-0.4500008993550504 -0.19999948363433798 0.5999972722246072
-0.4500008903512848 -0.19999948879670276 0.5999972994990742
-0.45000088143765893 -0.19999949390745683 0.5999973265008294
-0.45000087261327043 -0.19999949896711613 0.5999973532325997
-0.45000086387722593 -0.19999950397619154 0.5999973796970844
-0.450000855228641 -0.1999995089351887 0.5999974058969563
-0.4500008466666402 -0.19999951384460832 0.5999974318348611
-0.4500008381903563 -0.199999518704946 0.5999974575134183
-0.45000082979893147 -0.19999952351669248 0.5999974829352208
-0.450000821491516 -0.1999995282803335 0.5999975081028359
-0.450000813267269 -0.19999953299635007 0.5999975330188052
-0.45000080512535784 -0.19999953766521822 0.599997557685645
-0.45000079706495805 -0.19999954228740943 0.5999975821058463
-0.45000078908525387 -0.19999954686339025 0.5999976062818748
-0.4500007811854371 -0.19999955139362274 0.5999976302161724
-0.4500007733647081 -0.1999995558785642 0.5999976539111557
-0.4500007656222753 -0.19999956031866745 0.5999976773692179
-0.4500007579573546 -0.19999956471438088 0.5999977005927275
-0.45000075036917014 -0.19999956906614808 0.5999977235840303
-0.4500007428569536 -0.19999957337440855 0.5999977463454479
-0.45000073541994445 -0.19999957763959714 0.5999977688792786
-0.45000072805738967 -0.19999958186214456 0.5999977911877981
-0.45000072076854414 -0.1999995860424771 0.5999978132732596
-0.4500007135526697 -0.19999959018101668 0.599997835137893
-0.45000070640903594 -0.19999959427818126 0.5999978567839064
-0.45000069933691955 -0.19999959833438447 0.5999978782134858
-0.45000069233560447 -0.19999960235003575 0.5999978994287952
-0.4500006854043821 -0.1999996063255406 0.5999979204319772
-0.45000067854255044 -0.1999996102613003 0.5999979412251528
-0.45000067174941527 -0.1999996141577123 0.5999979618104216
-0.45000066502428826 -0.1999996180151699 0.5999979821898624
-0.45000065836648906 -0.19999962183406256 0.5999980023655338
-0.4500006517753431 -0.19999962561477586 0.5999980223394724
-0.4500006452501835 -0.19999962935769147 0.5999980421136961
-0.4500006387903497 -0.19999963306318733 0.599998061690201
-0.4500006323951876 -0.1999996367316375 0.5999980810709648
-0.45000062606404945 -0.1999996403634123 0.5999981002579443
-0.4500006197962946 -0.19999964395887845 0.599998119253077
-0.45000061359128846 -0.19999964751839897 0.5999981380582814
-0.450000607448403 -0.19999965104233317 0.5999981566754563
-0.45000060136701586 -0.19999965453103688 0.5999981751064819
-0.45000059534651177 -0.19999965798486222 0.5999981933532196
-0.45000058938628085 -0.19999966140415798 0.5999982114175119
-0.45000058348572014 -0.19999966478926934 0.5999982293011831
-0.4500005776442319 -0.19999966814053804 0.5999982470060391
-0.4500005718612248 -0.1999996714583024 0.599998264533868
-0.4500005661361134 -0.1999996747428975 0.5999982818864397
-0.45000056046831816 -0.19999967799465482 0.5999982990655065
-0.4500005548572651 -0.19999968121390274 0.5999983160728034
-0.4500005493023863 -0.19999968440096613 0.5999983329100479
-0.4500005438031195 -0.19999968755616693 0.5999983495789403
-0.4500005383589075 -0.19999969067982362 0.5999983660811639
-0.4500005329691995 -0.19999969377225152 0.599998382418385
-0.4500005276334499 -0.19999969683376292 0.5999983985922536
-0.45000052235111826 -0.19999969986466684 0.5999984146044032
-0.45000051712167 -0.19999970286526933 0.5999984304564505
-0.4500005119445755 -0.1999997058358733 0.5999984461499964
-0.4500005068193108 -0.19999970877677867 0.5999984616866259
-0.4500005017453568 -0.19999971168828232 0.5999984770679077
-0.4500004967222001 -0.1999997145706782 0.5999984922953954
-0.4500004917493319 -0.19999971742425734 0.5999985073706263
-0.4500004868262487 -0.19999972024930782 0.5999985222951234
-0.45000048195245246 -0.19999972304611488 0.5999985370703933
-0.4500004771274492 -0.19999972581496087 0.5999985516979285
-0.4500004723507509 -0.1999997285561253 0.5999985661792059
-0.450000467621874 -0.199999731269885 0.5999985805156879
-0.45000046294033935 -0.19999973395651383 0.5999985947088222
-0.4500004583056734 -0.19999973661628315 0.5999986087600426
-0.4500004537174066 -0.19999973924946138 0.5999986226707675
-0.45000044917507465 -0.19999974185631444 0.599998636442402
-0.45000044467821726 -0.1999997444371055 0.5999986500763369
-0.45000044022637986 -0.19999974699209508 0.5999986635739489
-0.4500004358191113 -0.19999974952154118 0.5999986769366009
-0.4500004314559654 -0.19999975202569914 0.5999986901656424
-0.45000042713650057 -0.1999997545048218 0.5999987032624097
-0.4500004228602793 -0.19999975695915934 0.5999987162282249
-0.4500004186268689 -0.19999975938895978 0.5999987290643977
-0.4500004144358406 -0.1999997617944682 0.5999987417722243
-0.45000041028677035 -0.1999997641759276 0.5999987543529878
-0.4500004061792377 -0.19999976653357834 0.5999987668079589
-0.4500004021128271 -0.1999997688676585 0.5999987791383955
-0.4500003980871267 -0.19999977117840367 0.5999987913455423
-0.4500003941017292 -0.1999997734660472 0.5999988034306325
-0.45000039015623083 -0.19999977573081998 0.5999988153948863
-0.4500003862502323 -0.1999997779729507 0.5999988272395118
-0.4500003823833381 -0.19999978019266573 0.5999988389657056
-0.4500003785551567 -0.19999978239018917 0.5999988505746516
-0.45000037476530047 -0.19999978456574286 0.5999988620675221
-0.4500003710133861 -0.19999978671954644 0.5999988734454776
-0.45000036729903325 -0.1999997888518174 0.5999988847096674
-0.4500003636218662 -0.199999790962771 0.5999988958612289
-0.4500003599815125 -0.19999979305262028 0.599998906901288
-0.4500003563776038 -0.19999979512157634 0.59999891783096
-0.45000035280977513 -0.19999979716984803 0.5999989286513484
-0.45000034927766536 -0.19999979919764213 0.5999989393635461
-0.4500003457809166 -0.19999980120516336 0.5999989499686346
-0.4500003423191751 -0.19999980319261434 0.5999989604676851
-0.4500003388920903 -0.19999980516019586 0.5999989708617577
-0.45000033549931534 -0.19999980710810644 0.5999989811519018
-0.4500003321405067 -0.19999980903654282 0.5999989913391571
-0.45000032881532415 -0.1999998109456996 0.5999990014245521
-0.4500003255234312 -0.19999981283576965 0.5999990114091055
-0.45000032226449466 -0.19999981470694372 0.599999021293825
-0.4500003190381847 -0.19999981655941074 0.5999990310797094
-0.4500003158441741 -0.19999981839335768 0.5999990407677469
-0.4500003126821402 -0.19999982020896978 0.5999990503589155
-0.4500003095517623 -0.1999998220064302 0.5999990598541841
-0.4500003064527239 -0.19999982378592068 0.5999990692545114
-0.45000030338471114 -0.1999998255476206 0.5999990785608467
-0.4500003003474133 -0.19999982729170795 0.5999990877741299
-0.4500002973405228 -0.19999982901835878 0.5999990968952914
-0.4500002943637356 -0.19999983072774746 0.5999991059252522
-0.4500002914167499 -0.1999998324200465 0.5999991148649242
-0.4500002884992676 -0.1999998340954268 0.5999991237152105
-0.4500002856109933 -0.19999983575405747 0.5999991324770044
-0.45000028275163456 -0.199999837396106 0.599999141151191
-0.4500002799209018 -0.19999983902173812 0.5999991497386461
-0.45000027711850854 -0.199999840631118 0.5999991582402372
-0.4500002743441711 -0.1999998422244081 0.5999991666568225
-0.4500002715976085 -0.19999984380176927 0.599999174989252
-0.45000026887854266 -0.1999998453633608 0.5999991832383674
-0.4500002661866986 -0.19999984690934033 0.5999991914050017
-0.4500002635218034 -0.19999984843986393 0.5999991994899794
-0.4500002608835874 -0.19999984995508607 0.5999992074941167
-0.4500002582717836 -0.19999985145515983 0.5999992154182228
-0.45000025568612745 -0.19999985294023662 0.5999992232630971
-0.45000025312635733 -0.19999985441046633 0.5999992310295318
-0.45000025059221394 -0.1999998558659974 0.5999992387183121
-0.45000024808344075 -0.19999985730697686 0.5999992463302137
-0.4500002455997838 -0.19999985873355006 0.5999992538660052
-0.45000024314099174 -0.19999986014586113 0.599999261326448
-0.4500002407068153 -0.1999998615440526 0.5999992687122954
-0.4500002382970086 -0.19999986292826571 0.5999992760242931
-0.4500002359113272 -0.1999998642986401 0.5999992832631798
-0.4500002335495298 -0.1999998656553142 0.599999290429686
-0.45000023121137706 -0.19999986699842498 0.5999992975245362
-0.45000022889663255 -0.19999986832810795 0.5999993045484464
-0.45000022660506167 -0.19999986964449745 0.5999993115021258
-0.4500002243364326 -0.19999987094772637 0.5999993183862768
-0.4500002220905157 -0.19999987223792623 0.5999993252015945
-0.4500002198670834 -0.1999998735152273 0.5999993319487674
-0.45000021766591053 -0.19999987477975859 0.5999993386284765
-0.4500002154867748 -0.19999987603164776 0.5999993452413966
-0.45000021332945495 -0.1999998772710211 0.5999993517881956
-0.4500002111937328 -0.1999998784980038 0.5999993582695343
-0.4500002090793921 -0.19999987971271976 0.5999993646860677
-0.4500002069862189 -0.19999988091529164 0.5999993710384433
-0.45000020491400117 -0.1999998821058408 0.5999993773273029
-0.45000020286252934 -0.19999988328448745 0.5999993835532813
-0.4500002008315953 -0.19999988445135053 0.5999993897170075
-0.4500001988209939 -0.19999988560654797 0.599999395819104
-0.4500001968305212 -0.19999988675019628 0.5999994018601867
-0.450000194859976 -0.199999887882411 0.5999994078408658
-0.4500001929091586 -0.1999998890033064 0.5999994137617454
-0.4500001909778716 -0.19999989011299563 0.5999994196234234
-0.4500001890659193 -0.19999989121159073 0.5999994254264914
-0.45000018717310836 -0.19999989229920265 0.599999431171536
-0.45000018529924696 -0.19999989337594115 0.5999994368591371
-0.4500001834441455 -0.19999989444191502 0.5999994424898688
-0.45000018160761607 -0.19999989549723174 0.5999994480643003
-0.45000017978947304 -0.199999896541998 0.5999994535829938
-0.4500001779895317 -0.19999989757631914 0.5999994590465072
-0.45000017620761046 -0.19999989860029965 0.5999994644553922
-0.4500001744435287 -0.199999899614043 0.5999994698101948
-0.4500001726971079 -0.1999999006176514 0.5999994751114557
-0.4500001709681709 -0.19999990161122622 0.5999994803597104
-0.4500001692565431 -0.19999990259486783 0.5999994855554889
-0.45000016756205113 -0.19999990356867542 0.5999994906993157
-0.4500001658845232 -0.19999990453274744 0.5999994957917105
-0.4500001642237896 -0.19999990548718108 0.5999995008331875
-0.45000016257968223 -0.19999990643207277 0.599999505824256
-0.4500001609520347 -0.19999990736751797 0.5999995107654197
-0.4500001593406821 -0.19999990829361106 0.5999995156571778
-0.4500001577454613 -0.19999990921044547 0.599999520500024
-0.4500001561662109 -0.19999991011811385 0.5999995252944478
-0.450000154602771 -0.19999991101670786 0.599999530040933
-0.4500001530549832 -0.1999999119063181 0.599999534739959
-0.45000015152269096 -0.19999991278703455 0.5999995393920003
-0.4500001500057389 -0.19999991365894598 0.599999543997527
-0.45000014850397363 -0.19999991452214047 0.599999548557004
-0.45000014701724333 -0.1999999153767052 0.5999995530708916
-0.450000145545397 -0.19999991622272645 0.5999995575396458
-0.450000144088286 -0.19999991706028958 0.5999995619637177
-0.4500001426457626 -0.19999991788947913 0.5999995663435543
-0.4500001412176809 -0.19999991871037887 0.5999995706795979
-0.45000013980389625 -0.19999991952307175 0.599999574972286
-0.45000013840426545 -0.19999992032763966 0.5999995792220526
-0.450000137018647 -0.19999992112416393 0.5999995834293267
-0.45000013564690033 -0.19999992191272498 0.599999587594533
-0.45000013428888685 -0.1999999226934023 0.5999995917180923
-0.4500001329444689 -0.19999992346627488 0.5999995958004208
-0.4500001316135104 -0.19999992423142066 0.5999995998419312
-0.45000013029587654 -0.19999992498891686 0.5999996038430312
-0.45000012899143416 -0.19999992573884 0.5999996078041253
-0.45000012770005104 -0.1999999264812658 0.5999996117256129
-0.4500001264215964 -0.1999999272162692 0.5999996156078904
-0.45000012515594084 -0.1999999279439244 0.5999996194513497
-0.4500001239029562 -0.19999992866430485 0.5999996232563791
-0.4500001226625156 -0.19999992937748334 0.5999996270233628
-0.45000012143449364 -0.19999993008353179 0.5999996307526813
-0.4500001202187659 -0.1999999307825216 0.5999996344447108
-0.4500001190152092 -0.19999993147452316 0.5999996380998248
-0.45000011782370175 -0.1999999321596065 0.5999996417183919
-0.45000011664412287 -0.1999999328378407 0.5999996453007777
-0.45000011547635327 -0.1999999335092943 0.5999996488473439
-0.4500001143202746 -0.19999993417403497 0.5999996523584488
-0.4500001131757698 -0.19999993483212997 0.5999996558344469
-0.4500001120427232 -0.19999993548364559 0.5999996592756892
-0.4500001109210198 -0.19999993612864767 0.5999996626825231
-0.45000010981054633 -0.19999993676720138 0.5999996660552931
-0.4500001087111901 -0.19999993739937116 0.599999669394339
-0.4500001076228401 -0.19999993802522084 0.5999996726999988
-0.45000010654538575 -0.19999993864481355 0.5999996759726058
-0.4500001054787183 -0.1999999392582119 0.5999996792124904
-0.45000010442272975 -0.19999993986547782 0.5999996824199806
-0.45000010337731305 -0.19999994046667252 0.5999996855953994
-0.45000010234236243 -0.19999994106185687 0.5999996887390678
-0.45000010131777307 -0.19999994165109083 0.5999996918513036
-0.45000010030344123 -0.19999994223443393 0.5999996949324206
-0.45000009929926416 -0.19999994281194503 0.5999996979827302
-0.45000009830514054 -0.19999994338368252 0.5999997010025403
-0.4500000973209693 -0.19999994394970402 0.5999997039921559
-0.4500000963466509 -0.19999994451006672 0.599999706951879
-0.45000009538208685 -0.1999999450648272 0.5999997098820083
-0.45000009442717953 -0.19999994561404147 0.5999997127828399
-0.4500000934818319 -0.19999994615776498 0.5999997156546668
-0.4500000925459487 -0.19999994669605264 0.5999997184977789
-0.4500000916194349 -0.1999999472289587 0.599999721312463
-0.4500000907021968 -0.19999994775653704 0.5999997240990039
-0.4500000897941415 -0.19999994827884096 0.5999997268576827
-0.45000008889517706 -0.19999994879592314 0.5999997295887781
-0.4500000880052125 -0.19999994930783574 0.5999997322925658
-0.45000008712415773 -0.19999994981463057 0.5999997349693188
-0.45000008625192345 -0.19999995031635867 0.5999997376193072
-0.4500000853884215 -0.1999999508130708 0.5999997402427995
-0.45000008453356444 -0.19999995130481696 0.5999997428400596
-0.45000008368726563 -0.19999995179164698 0.5999997454113504
-0.4500000828494396 -0.1999999522736099 0.5999997479569313
-0.45000008202000125 -0.19999995275075436 0.5999997504770594
-0.45000008119886664 -0.19999995322312858 0.5999997529719895
-0.450000080385953 -0.1999999536907803 0.5999997554419731
-0.45000007958117727 -0.19999995415375657 0.5999997578872597
-0.4500000787844588 -0.1999999546121043 0.5999997603080967
-0.4500000779957165 -0.1999999550658697 0.5999997627047281
-0.45000007721487056 -0.19999995551509855 0.5999997650773962
-0.45000007644184203 -0.19999995595983627 0.5999997674263402
-0.45000007567655254 -0.1999999564001277 0.5999997697517976
-0.4500000749189247 -0.19999995683601735 0.5999997720540033
-0.45000007416888166 -0.19999995726754916 0.5999997743331899
-0.45000007342634774 -0.19999995769476675 0.599999776589587
-0.4500000726912475 -0.1999999581177132 0.5999997788234231
-0.4500000719635066 -0.19999995853643127 0.5999997810349236
-0.45000007124305147 -0.19999995895096323 0.5999997832243116
-0.45000007052980906 -0.19999995936135093 0.5999997853918083
-0.4500000698237072 -0.19999995976763568 0.5999997875376327
-0.45000006912467433 -0.19999996016985863 0.5999997896620014
-0.4500000684326399 -0.19999996056806044 0.5999997917651289
-0.45000006774753354 -0.19999996096228115 0.5999997938472278
-0.4500000670692862 -0.19999996135256068 0.599999795908508
-0.45000006639782886 -0.19999996173893833 0.5999997979491781
-0.450000065733094 -0.19999996212145327 0.599999799969444
-0.4500000650750137 -0.19999996250014396 0.5999998019695096
-0.450000064423522 -0.19999996287504868 0.5999998039495769
-0.45000006377855234 -0.1999999632462053 0.5999998059098458
-0.45000006314004 -0.1999999636136513 0.5999998078505147
-0.4500000625079199 -0.1999999639774237 0.5999998097717787
-0.4500000618821283 -0.1999999643375594 0.599999811673833
-0.4500000612626016 -0.1999999646940945 0.5999998135568686
-0.4500000606492774 -0.19999996504706524 0.5999998154210763
-0.4500000600420932 -0.19999996539650713 0.5999998172666441
-0.4500000594409879 -0.19999996574245543 0.5999998190937585
-0.45000005884590044 -0.1999999660849452 0.5999998209026038
-0.4500000582567706 -0.19999996642401088 0.5999998226933629
-0.4500000576735388 -0.19999996675968676 0.5999998244662168
-0.450000057096146 -0.19999996709200674 0.599999826221344
-0.45000005652453373 -0.19999996742100434 0.5999998279589221
-0.45000005595864406 -0.19999996774671275 0.5999998296791266
-0.4500000553984197 -0.1999999680691649 0.5999998313821311
-0.45000005484380395 -0.19999996838839335 0.5999998330681074
-0.45000005429474066 -0.1999999687044303 0.5999998347372262
-0.45000005375117424 -0.19999996901730768 0.5999998363896557
-0.4500000532130498 -0.19999996932705708 0.599999838025563
-0.4500000526803125 -0.19999996963370972 0.599999839645113
-0.45000005215290884 -0.19999996993729668 0.5999998412484697
-0.4500000516307852 -0.19999997023784846 0.5999998428357947
-0.45000005111388874 -0.19999997053539553 0.5999998444072482
-0.450000050602167 -0.19999997082996784 0.5999998459629892
-0.45000005009556837 -0.19999997112159518 0.5999998475031745
-0.45000004959404155 -0.19999997141030695 0.5999998490279598
-0.4500000490975356 -0.19999997169613237 0.599999850537499
-0.4500000486060005 -0.19999997197910016 0.5999998520319451
-0.4500000481193864 -0.19999997225923913 0.599999853511448
-0.4500000476376438 -0.19999997253657728 0.599999854976158
-0.4500000471607241 -0.19999997281114276 0.5999998564262224
-0.4500000466885792 -0.19999997308296333 0.5999998578617882
-0.450000046221161 -0.19999997335206632 0.5999998592829996
-0.45000004575842234 -0.19999997361847896 0.5999998606900011
-0.4500000453003164 -0.19999997388222823 0.5999998620829338
-0.4500000448467968 -0.19999997414334056 0.599999863461939
-0.4500000443978174 -0.19999997440184245 0.599999864827156
-0.45000004395333293 -0.19999997465776 0.5999998661787224
-0.45000004351329836 -0.19999997491111898 0.5999998675167747
-0.45000004307766917 -0.199999975161945 0.5999998688414482
-0.45000004264640125 -0.1999999754102634 0.5999998701528764
-0.4500000422194509 -0.19999997565609925 0.5999998714511918
-0.45000004179677494 -0.19999997589947732 0.5999998727365259
-0.4500000413783305 -0.19999997614042223 0.5999998740090081
-0.45000004096407525 -0.19999997637895833 0.599999875268767
-0.4500000405539673 -0.19999997661510963 0.5999998765159299
-0.4500000401479652 -0.19999997684890003 0.5999998777506225
-0.45000003974602765 -0.19999997708035308 0.5999998789729697
-0.450000039348114 -0.19999997730949218 0.5999998801830949
