0.0 0.24256305943627693 -0.10689103941014369 -0.47957328751058104
0.02 0.24256305943627693 -0.10689103941014369 -0.47957328751058104
0.04 0.2419295173370089 -0.10675367193341538 -0.4799577409439274
0.06 0.2406898151374524 -0.10648742926795508 -0.4804607352339435
0.08 0.23881783814842494 -0.10612056778709264 -0.48086793626460356
0.1 0.2362656715271198 -0.10568594687845237 -0.48102831336547563
0.12000000000000001 0.23298484263474264 -0.1052071868031712 -0.48085530324947556
0.14 0.22894135968213453 -0.10469012669544382 -0.48031075845878335
0.16 0.22412251574937708 -0.10412541067592933 -0.47937863122142316
0.18 0.21853472918994193 -0.10350131674444814 -0.4780449038095746
0.19999999999999998 0.2121970932970001 -0.10281814133926531 -0.47629417632941684
0.21999999999999997 0.20513665984425167 -0.10209568112813452 -0.47411849418960733
0.23999999999999996 0.19738743003468104 -0.10137215543252237 -0.4715267690207665
0.25999999999999995 0.1889910646249345 -0.10069828349359894 -0.46854754784788444
0.27999999999999997 0.17999687525461244 -0.10013049162818503 -0.4652253765487789
0.3 0.1704603345008786 -0.09972487979581558 -0.4616145311226091
0.32 0.16044080737643693 -0.09953195213953613 -0.45777345265190306
0.34 0.14999967229075817 -0.09959208142679106 -0.4537614563090539
0.36000000000000004 0.13919961309969892 -0.0999323281586829 -0.4496376089631806
0.38000000000000006 0.12810494044300905 -0.1005654656102084 -0.445460491791605
0.4000000000000001 0.11678194147667403 -0.10149146279019314 -0.44128732772849
0.4200000000000001 0.10529819269088177 -0.10270071133179813 -0.43717181634001406
0.4400000000000001 0.09372058552277246 -0.10417774057340991 -0.4331612561530359
0.46000000000000013 0.08211274378476029 -0.10590437035640521 -0.4292941203131751
0.48000000000000015 0.07053278711983565 -0.10786186803805353 -0.42559890603928163
0.5000000000000001 0.059031995301472094 -0.11003220361014962 -0.4220943468591147
0.5200000000000001 0.04765437357211718 -0.11239871683125423 -0.41879057462838465
0.5400000000000001 0.03643683415079067 -0.11494648829918748 -0.4156907242913657
0.5600000000000002 0.025409740108296663 -0.11766257945548617 -0.41279262036921593
0.5800000000000002 0.014597708497946178 -0.12053616721626387 -0.41009035213187356
0.6000000000000002 0.0040206416753757745 -0.12355850277874277 -0.40757563240180716
0.6200000000000002 -0.0063051077536449215 -0.12672260979840907 -0.40523886032071704
0.6400000000000002 -0.016365645730177313 -0.130022708816881 -0.4030698331426852
0.6600000000000003 -0.02614876180306202 -0.13345346535159974 -0.4010581098171248
0.6800000000000003 -0.03564361717481176 -0.1370092359156912 -0.39919310199787583
0.7000000000000003 -0.04484086951456582 -0.14068348428181415 -0.3974640153887788
0.7200000000000003 -0.05373305977731237 -0.1444684698671541 -0.3958597628295346
0.7400000000000003 -0.06231503090658156 -0.14835521867542734 -0.39436892940682416
0.7600000000000003 -0.070584189465268 -0.1523337199374692 -0.3929798166156369
0.7800000000000004 -0.07854051725726484 -0.15639326604943746 -0.3916805517563329
0.8000000000000004 -0.08618634069625282 -0.16052286039845745 -0.3904592308850698
0.8200000000000004 -0.09352593581808231 -0.16471163694593205 -0.3893040659234788
0.8400000000000004 -0.10056507264062331 -0.16894925133130081 -0.38820351905602846
0.8600000000000004 -0.10731058900838056 -0.17322621153174872 -0.3871464200267721
0.8800000000000004 -0.1137700480258394 -0.17753412148767475 -0.38612206844418834
0.9000000000000005 -0.11995149443894501 -0.1818658199391346 -0.38512032339456037
0.9200000000000005 -0.1258632979035415 -0.1862154109950748 -0.3841316798735323
0.9400000000000005 -0.1315140592318516 -0.19057819924613514 -0.38314732936628737
0.9600000000000005 -0.13691255574062228 -0.1949505549143224 -0.3821592019181227
0.9800000000000005 -0.14206770723124923 -0.19932973976608678 -0.38115998869057044
1.0000000000000004 -0.14698854995911723 -0.2037137220669466 -0.3801431459080361
1.0200000000000005 -0.15168421025593043 -0.2081010013734258 -0.37910288229250405
1.0400000000000005 -0.1561638724252649 -0.2124904550113165 -0.37803413240515255
1.0600000000000005 -0.16043673788224438 -0.21688121047895445 -0.3769325181284369
1.0800000000000005 -0.16451197465010303 -0.2212725430513254 -0.3757943002467048
1.1000000000000005 -0.16839865821898126 -0.2256637955300863 -0.3746163219382217
1.1200000000000006 -0.17210570624907473 -0.23005431664241954 -0.3733959460162005
1.1400000000000006 -0.17564181061496653 -0.23444341515744163 -0.37213098792679083
1.1600000000000006 -0.17901537092295128 -0.23883032768504117 -0.3708196468056614
1.1800000000000006 -0.18223443396744118 -0.24321419894221646 -0.36946043727088496
1.2000000000000006 -0.1853066436003394 -0.24759407380072695 -0.3680521249812027
1.2200000000000006 -0.18823920505178315 -0.2519689005557837 -0.36659366913758135
1.2400000000000007 -0.19103886675414555 -0.2563375445489277 -0.3650841748629451
1.2600000000000007 -0.19371192119056246 -0.260698810615978 -0.36352285765013326
1.2800000000000007 -0.19626422438423802 -0.2650514720083531 -0.3619090208605039
1.3000000000000007 -0.1987012316701261 -0.2693943027240201 -0.3602420457822759
1.3200000000000007 -0.20102804570156707 -0.2737261098365952 -0.3585213923162035
1.3400000000000007 -0.20324947154357395 -0.2780457625682662 -0.3567466072458865
1.3600000000000008 -0.2053700733584884 -0.2823522154925958 -0.3549173364764169
1.3800000000000008 -0.20739422759541745 -0.2866445242144302 -0.3530333376462642
1.4000000000000008 -0.20932616859948464 -0.29092185292744005 -0.35109449004869814
1.4200000000000008 -0.2111700239191119 -0.2951834741872101 -0.349100799664305
1.4400000000000008 -0.2129298380521642 -0.29942876193096446 -0.3470523981045444
1.4600000000000009 -0.21460958472058728 -0.30365717918998886 -0.3449495352276052
1.4800000000000009 -0.2162131688568881 -0.30786826211523843 -0.34279256599933156
1.5000000000000009 -0.21774442025819793 -0.3120616019411436 -0.34058193277884674
1.520000000000001 -0.21920708130714184 -0.3162368264160639 -0.3383181445983198
1.540000000000001 -0.2206047913023061 -0.3203935820773122 -0.3360017551905439
1.560000000000001 -0.2219410698311561 -0.32453151856506546 -0.3336333415178646
1.580000000000001 -0.22321930130702333 -0.32865027595387253 -0.33121348439592146
1.600000000000001 -0.22444272233259666 -0.3327494758251015 -0.3287427525125107
1.620000000000001 -0.22561441299937046 -0.33682871650304796 -0.3262216907473161
1.640000000000001 -0.2267372926413635 -0.34088757253658214 -0.3236508132408486
1.660000000000001 -0.22781411998820228 -0.3449255981464595 -0.3210306011860731
1.680000000000001 -0.22884749716068808 -0.34894233400826763 -0.3183615048729116
1.700000000000001 -0.2298398765666247 -0.35293731644252124 -0.3156439491511081
1.720000000000001 -0.23079356951825056 -0.35691008787595024 -0.3128783412288831
1.740000000000001 -0.2317107553200619 -0.3608602073510631 -0.3100650796164998
1.7600000000000011 -0.23259348966305715 -0.36478725990749633 -0.30720456305930827
1.7800000000000011 -0.23344371138594847 -0.3686908638315356 -0.3042971984685949
1.8000000000000012 -0.23426324698798712 -0.3725706750442696 -0.30134340711853
1.8200000000000012 -0.23505381265410283 -0.37642638823583746 -0.29834362869097164
1.8400000000000012 -0.23581701393001162 -0.38025773470922736 -0.2952983230709522
1.8600000000000012 -0.23655434351537633 -0.38406447723020154 -0.2922079700827313
1.8800000000000012 -0.23726717788919982 -0.38784640245607077 -0.2890730675778862
1.9000000000000012 -0.2379567736197637 -0.39160331171252327 -0.2858941284249553
1.9200000000000013 -0.23862426423389013 -0.3953350109937915 -0.2826716770004691
1.9400000000000013 -0.2392706584348366 -0.39904130107733554 -0.2794062457516203
1.9600000000000013 -0.23989684028495245 -0.40272196857866716 -0.2760983723078281
1.9800000000000013 -0.24050357173696002 -0.406376778639735 -0.27274859748322705
2.0000000000000013 -0.24109149763857068 -0.4100054697637673 -0.26935746435707253
2.0200000000000014 -0.24166115308060587 -0.4136077511006316 -0.26592551846471013
2.0400000000000014 -0.24221297273597736 -0.41718330226955874 -0.26245330899497815
2.0600000000000014 -0.2427473016662487 -0.4207317755990937 -0.25894139078272294
2.0800000000000014 -0.2432644069665164 -0.4242528004834755 -0.2553903268144372
2.1000000000000014 -0.24376448958244978 -0.42774598941290154 -0.2518006909330025
2.1200000000000014 -0.24424769566252896 -0.43121094514072084 -0.24817307043206083
2.1400000000000015 -0.24471412689473115 -0.4346472684072674 -0.2445080682662905
2.1600000000000015 -0.24516384940658648 -0.43805456564683665 -0.24080630466318423
2.1800000000000015 -0.24559690096441428 -0.4414324561560068 -0.23706841799588113
2.2000000000000015 -0.24601329637447125 -0.4447805782892523 -0.23329506485606866
2.2200000000000015 -0.24641303114927166 -0.448098594360433 -0.22948691934237114
2.2400000000000015 -0.24679608364210526 -0.45138619405387054 -0.22564467164590427
2.2600000000000016 -0.247162415960675 -0.45464309627427546 -0.22176902606556514
2.2800000000000016 -0.24751197403961234 -0.4578690494800326 -0.21786069861825386
2.3000000000000016 -0.24784468727851242 -0.4610638306409721 -0.21392041442283713
2.3200000000000016 -0.2481604681383946 -0.4642272430342434 -0.20994890503268468
2.3400000000000016 -0.24845921204020793 -0.46735911313782497 -0.20594690587296216
2.3600000000000017 -0.24874079783222813 -0.4704592869008714 -0.20191515390961845
2.3800000000000017 -0.24900508899889187 -0.4735276256661598 -0.19785438564163121
2.4000000000000017 -0.24925193568254972 -0.47656400199664667 -0.1937653354709576
2.4200000000000017 -0.24948117749216622 -0.47956829562081266 -0.1896487344695712
2.4400000000000017 -0.24969264698816734 -0.482540389665593 -0.18550530953287425
2.4600000000000017 -0.24988617366728716 -0.4854801672964954 -0.18133578288547703
2.4800000000000018 -0.25006158822963387 -0.4883875088365324 -0.17714087188967137
2.5000000000000018 -0.2502187268937569 -0.49126228939240496 -0.17292128909866916
2.520000000000002 -0.25035743553309997 -0.49410437698037696 -0.1686777424950154
2.540000000000002 -0.2504775734355516 -0.4969136311168512 -0.16441093585803895
2.560000000000002 -0.2505790165318909 -0.4996899018200446 -0.1601215692112118
2.580000000000002 -0.250661659992913 -0.5024330289589302 -0.1558103393091933
2.600000000000002 -0.2507254201527834 -0.505142841882587 -0.15147794013366947
2.620000000000002 -0.25077023577196494 -0.5078191592658616 -0.14712506337577136
2.640000000000002 -0.25079606870201343 -0.5104617891141601 -0.14275239889005029
2.660000000000002 -0.25080290405295236 -0.5130705288797232 -0.13836063511036514
2.680000000000002 -0.25079074998954937 -0.5156451656525365 -0.13395045942149716
2.700000000000002 -0.25075963729472617 -0.5181854763999889 -0.12952255848211813
2.720000000000002 -0.2507096188369633 -0.5206912282397356 -0.125077618495254
2.740000000000002 -0.2506407690654645 -0.523162178739427 -0.12061632542208486
2.760000000000002 -0.25055318363433954 -0.5255980762447441 -0.11613936513430842
2.780000000000002 -0.25044697922806936 -0.5279986602434188 -0.11164742349975207
2.800000000000002 -0.2503222936281088 -0.5303636617775969 -0.10714118639578364
2.820000000000002 -0.2501792860277216 -0.5326928039200572 -0.10262133964552472
2.840000000000002 -0.2500181375717309 -0.5349858023314826 -0.09808856887298023
2.860000000000002 -0.2498390520720688 -0.5372423659162185 -0.0935435592749395
2.880000000000002 -0.24964225683041324 -0.5394621975928199 -0.08898699530971788
2.900000000000002 -0.24942800348676136 -0.541644995193187 -0.08441956030536972
2.920000000000002 -0.24919656880776148 -0.5437904525003425 -0.07984193599267239
2.940000000000002 -0.24894825533067366 -0.5458982604300177 -0.0752548019707899
2.960000000000002 -0.2486833917870822 -0.5479681083554172 -0.07065883511590444
2.980000000000002 -0.24840233324370656 -0.5499996855680928 -0.06605470894511366
3.000000000000002 -0.24810546091437494 -0.5519926828611537 -0.0614430929494589
3.0200000000000022 -0.2477931816158643 -0.5539467942144902 -0.05682465191100585
3.0400000000000023 -0.2474659268593591 -0.5558617185557396 -0.052200045219460145
3.0600000000000023 -0.2471241515873516 -0.5577371615658288 -0.04756992620383281
3.0800000000000023 -0.24676833258178899 -0.559572837494486 -0.04293494149425943
3.1000000000000023 -0.2463989665823002 -0.5613684709494202 -0.03829573042819742
3.1200000000000023 -0.24601656816290246 -0.5631237986231199 -0.03365292451397815
3.1400000000000023 -0.2456216674214545 -0.5648385709234658 -0.029007146963073584
3.1600000000000024 -0.24521480753836267 -0.5665125534784443 -0.024359012300521378
3.1800000000000024 -0.24479654225995512 -0.5681455284909589 -0.019709126060788805
3.2000000000000024 -0.2443674333580037 -0.5697372959266543 -0.015058084573993852
3.2200000000000024 -0.24392804811070648 -0.5712876745253017 -0.010406474844912202
3.2400000000000024 -0.2434789568427403 -0.5727965026341304 -0.0057548745246716465
3.2600000000000025 -0.2430207305534335 -0.5742636388689613 -0.001103851972536471
3.2800000000000025 -0.24255393865338645 -0.5756889626156273 0.003546033597172385
3.3000000000000025 -0.24207914682155254 -0.5770723743895239 0.008194231890120918
3.3200000000000025 -0.241596914987403 -0.5784137960749345 0.01284020123790005
3.3400000000000025 -0.2411077954366853 -0.5797131710678333 0.01748340824525125
3.3600000000000025 -0.24061233103470822 -0.5809704643461912 0.02212332739000155
3.3800000000000026 -0.24011105355814216 -0.5821856624904828 0.026759440587720854
3.4000000000000026 -0.23960448212500238 -0.5833587736743623 0.03139123673324238
3.4200000000000026 -0.23909312171265346 -0.5844898276416501 0.03601821123090502
3.4400000000000026 -0.23857746175512803 -0.585578875681255 0.04063986552472417
3.4600000000000026 -0.23805797481349733 -0.5866259906068106 0.04525570663875026
3.4800000000000026 -0.23753511531614793 -0.5876312667430678 0.049865246736711395
3.5000000000000027 -0.23700931836926653 -0.5885948199167528 0.054468002708766304
3.5200000000000027 -0.2364809986412748 -0.589516787446004 0.059063495791865324
3.5400000000000027 -0.23595054932809667 -0.5903973281197901 0.06365125122894852
3.5600000000000027 -0.23541834120872096 -0.5912366221570259 0.06823079797102632
3.5800000000000027 -0.23488472180234396 -0.592034871134436 0.07280166842514474
3.6000000000000028 -0.2343500146393385 -0.5927922978725088 0.07736339825034683
3.6200000000000028 -0.23381451865831393 -0.5935091462699892 0.08191552620299952
3.640000000000003 -0.23327850774066172 -0.5941856810791133 0.08645759403224673
3.660000000000003 -0.23274223039227204 -0.5948221876159473 0.09098914642582448
3.680000000000003 -0.23220590957972534 -0.5954189714025662 0.09550973100602589
3.700000000000003 -0.2316697427253666 -0.5959763577401688 0.1000188983751335
3.720000000000003 -0.2311339018624638 -0.5964946912143997 0.10451620220918523
3.740000000000003 -0.23059853394836002 -0.5969743351359998 0.10900119939839888
3.760000000000003 -0.23006376133033768 -0.597415670921337 0.11347345023200894
3.780000000000003 -0.22952968235601706 -0.5978190974183254 0.11793251862461014
3.800000000000003 -0.22899637211766663 -0.5981850301837495 0.12237797238041448
3.820000000000003 -0.22846388331790937 -0.5985139007180714 0.1268093834911188
3.840000000000003 -0.2279322472430412 -0.5988061556635215 0.1312263284623837
3.860000000000003 -0.22740147482955708 -0.599062255970723 0.1356283886633045
3.880000000000003 -0.22687155780946722 -0.5992826760383945 0.14001515069273177
3.900000000000003 -0.22634246992052973 -0.5994679028298938 0.14438620675593594
3.920000000000003 -0.22581416816852073 -0.5996184349696392 0.14874115504490693
3.940000000000003 -0.2252865941299849 -0.5997347818217952 0.15307960011560579
3.960000000000003 -0.2247596752854355 -0.599817462553157 0.15740115325568682
3.980000000000003 -0.22423332637456245 -0.5998670051818795 0.16170543283664784
4.000000000000003 -0.22370745076653428 -0.5998839456136607 0.16599206464495903
4.020000000000002 -0.22318194183984677 -0.5998688266671071 0.17026068218749646
4.040000000000002 -0.22265668436727984 -0.5998221970903495 0.17451092696748088
4.060000000000001 -0.2221315559023323 -0.5997446105714181 0.1787424487280801
4.080000000000001 -0.22160642816397605 -0.5996366247454419 0.18295490566182987
4.1000000000000005 -0.2210811684167135 -0.5994988002023091 0.1871479645849883
4.12 -0.22055564084276544 -0.5993316994990032 0.1913213010768685
4.14 -0.22002970790280924 -0.5991358861813362 0.1954745995850276
4.159999999999999 -0.21950323168109417 -0.5989119238202063 0.1996075534979043
4.179999999999999 -0.21897607521006823 -0.5986603750678015 0.2037198651870989
4.199999999999998 -0.21844810376892151 -0.5983818007392905 0.2078112460219408
4.219999999999998 -0.21791918614977934 -0.5980767589255421 0.2118814163593077
4.2399999999999975 -0.217389195884715 -0.5977458041422213 0.21593010551185704
4.259999999999997 -0.21685801242636343 -0.5973894865202972 0.21995705169789967
4.279999999999997 -0.21632552227472968 -0.5970083510425617 0.22396200197612032
4.299999999999996 -0.2157916200428323 -0.59660293683019 0.22794471216824297
4.319999999999996 -0.21525620945409274 -0.5961737764827556 0.23190494677256523
4.339999999999995 -0.21471920426487118 -0.5957213954744314 0.23584247887106496
4.359999999999995 -0.214180529106239 -0.5952463116083994 0.23975709003252796
4.379999999999995 -0.21364012023989604 -0.5947490345307962 0.24364857021388014
4.399999999999994 -0.21309792622410406 -0.5942300653048386 0.24751671766162275
4.419999999999994 -0.21255390848649902 -0.5936898960451499 0.2513613388149818
4.439999999999993 -0.21200804180167887 -0.5931290096117295 0.2551822482121107
4.459999999999993 -0.21146031467245094 -0.5925478793625096 0.2589792684004004
4.479999999999992 -0.21091072961456894 -0.5919469689630179 0.2627522298516871
4.499999999999992 -0.21035930334562605 -0.5913267322513267 0.26650097088287505
4.519999999999992 -0.2098060668795138 -0.5906876131561878 0.27022533758225015
4.539999999999991 -0.2092510655284774 -0.59003004566607 0.27392518374149066
4.559999999999991 -0.20869435881529802 -0.5893544538466777 0.277600370793164
4.57999999999999 -0.2081360202985349 -0.5886612519044511 0.2812507677532482
4.59999999999999 -0.2075761373140534 -0.5879508442935216 0.2848762511680142
4.6199999999999894 -0.2070148106362941 -0.5872236258635936 0.28847670506440526
4.639999999999989 -0.20645215406290426 -0.5864799820462409 0.29205202090285914
4.659999999999989 -0.20588829392648444 -0.5857202890771527 0.29560209753138106
4.679999999999988 -0.2053233685373259 -0.584944914251888 0.29912684113954
4.699999999999988 -0.20475752756112897 -0.5841542162127397 0.3026261652109658
4.719999999999987 -0.20419093133583105 -0.5833485452643318 0.3060999904728757
4.739999999999987 -0.2036237501318285 -0.5825282437155825 0.3095482448411248
4.7599999999999865 -0.20305616336006088 -0.5816936462456683 0.3129708633593029
4.779999999999986 -0.20248835873263626 -0.5808450802916064 0.31636778813044814
4.799999999999986 -0.20192053138090318 -0.5799828664550474 0.3197389682400422
4.819999999999985 -0.20135288293611756 -0.579107318925838 0.3230843596690812
4.839999999999985 -0.20078562057809046 -0.5782187459198738 0.32640392519616834
4.859999999999984 -0.20021895605743695 -0.5773174501287287 0.32969763428777493
4.879999999999984 -0.19965310469723868 -0.5764037291785099 0.33296546297601015
4.8999999999999835 -0.1990882843801091 -0.5754778760953732 0.33620739372348474
4.919999999999983 -0.1985247145267636 -0.5745401797751198 0.33942341527508085
4.939999999999983 -0.19796261507225507 -0.5735909254543012 0.34261352249669774
4.959999999999982 -0.19740220544604173 -0.5726303951802849 0.34577771620128384
4.979999999999982 -0.19684370356198214 -0.5716588682777765 0.34891600296271374
4.999999999999981 -0.19628732482422506 -0.5706766218093503 0.3520283949182923
5.019999999999981 -0.1957332811547665 -0.5696839310276169 0.35511490956089387
5.0399999999999805 -0.19518178004819633 -0.5686810698167474 0.35817556952193036
5.05999999999998 -0.1946330236588558 -0.5676683111211754 0.3612104023465186
5.07999999999998 -0.19408720792528278 -0.5666459273594087 0.3642194402623559
5.099999999999979 -0.1935445217364445 -0.5656141908209991 0.3672027199439315
5.119999999999979 -0.1930051461438597 -0.5645733740448416 0.370160282273777
5.139999999999978 -0.1924692536232929 -0.5635237501770988 0.37309217210251105
5.159999999999978 -0.1919370073892823 -0.5624655933071604 0.37599843800945254
5.1799999999999775 -0.19140856076534432 -0.5613991787801805 0.3788791320655594
5.199999999999977 -0.19088405661227886 -0.5603247834848514 0.3817343096004079
5.219999999999977 -0.19036362681659602 -0.5592426861151795 0.38456402897485403
5.239999999999976 -0.18984739184069746 -0.558153167405167 0.3873683513609263
5.259999999999976 -0.18933546033606716 -0.5570565103353999 0.3901473405303794
5.279999999999975 -0.1888279288203692 -0.5559530003106726 0.39290106265319785
5.299999999999975 -0.1883248814190097 -0.554842925307897 0.39562958610719723
5.3199999999999745 -0.18782638967138612 -0.5537265759936688 0.3983329812996966
5.339999999999974 -0.18733251240173532 -0.5526042458109932 0.40101132050207855
5.359999999999974 -0.18684329565418606 -0.5514762310348134 0.4036646776978625
5.379999999999973 -0.18635877269132442 -0.5503428307961207 0.4062931284447599
5.399999999999973 -0.18587896405529414 -0.5492043470745852 0.408896749750987
5.419999999999972 -0.1854038776901726 -0.548061084659796 0.41147561996595483
5.439999999999972 -0.1849335091240899 -0.5469133510813641 0.41402981868528527
5.4599999999999715 -0.18446784170928854 -0.5457614565083142 0.4165594266699447
5.479999999999971 -0.18400684691806357 -0.5446057136183514 0.4190645257791511
5.499999999999971 -0.18355048469227014 -0.5434464374377751 0.42154519891656095
5.51999999999997 -0.18309870384384544 -0.5422839451529647 0.4240015299891407
5.53999999999997 -0.18265144250356263 -0.5411185558945477 0.4264336038780009
5.559999999999969 -0.18220862861502035 -0.5399505904955073 0.4288415064203887
5.579999999999969 -0.18177018047067625 -0.538780371224651 0.4312253244019558
5.599999999999969 -0.18133600728655128 -0.5376082214969982 0.43358514555834987
5.619999999999968 -0.18090600981207838 -0.5364344655627875 0.43592105858513436
5.639999999999968 -0.18048008097142887 -0.5352594281769141 0.4382331531550058
5.659999999999967 -0.18005810653254395 -0.5340834342507234 0.4405215199412646
5.679999999999967 -0.1796399658000079 -0.5329068084881746 0.4427862506464826
5.699999999999966 -0.17922553232783583 -0.531729875008465 0.4450274380353354
5.719999999999966 -0.17881467464821504 -0.5305529569572681 0.44724517597057734
5.739999999999966 -0.17840725701222077 -0.5293763761087819 0.44943955945118463
5.759999999999965 -0.1780031401385368 -0.5282004524608167 0.45161068465173193
5.779999999999965 -0.17760218196624508 -0.527025503825162 0.4537586489621313
5.799999999999964 -0.17720423840779592 -0.5258518454154801 0.4558835510269198
5.819999999999964 -0.1768091640983475 -0.5246797894349519 0.4579854907833617
5.839999999999963 -0.17641681313774799 -0.5235096446658772 0.4600645694977041
5.859999999999963 -0.1760270398215431 -0.522341716063397 0.46212088979900623
5.879999999999963 -0.17563969935751472 -0.5211763043554462 0.4641545557100421
5.899999999999962 -0.17525464856438946 -0.520013705650985 0.466165672674862
5.919999999999962 -0.17487174654951018 -0.5188542110584924 0.4681543475826774
5.939999999999961 -0.1744908553624224 -0.5176981063166081 0.4701206887878068
5.959999999999961 -0.17411184062150276 -0.5165456714387318 0.4720648061255013
5.9799999999999605 -0.17373457211094295 -0.5153971803732824 0.47398681092352746
5.99999999999996 -0.17335892434559308 -0.5142529006812089 0.4758868160094556
6.01999999999996 -0.1729847771013765 -0.5131130932322403 0.47776493571365075
6.039999999999959 -0.17261201590919936 -0.5119780119212307 0.47962128586801317
6.059999999999959 -0.17224053251049817 -0.5108479034058375 0.481455983800556
6.079999999999958 -0.17187022527279702 -0.5097230068666326 0.4832691483259434
6.099999999999958 -0.17150099956387987 -0.5086035537906217 0.48506089973213207
6.1199999999999575 -0.17113276808342254 -0.5074897677789946 0.4868313597632845
6.139999999999957 -0.1707654511511693 -0.5063818643798047 0.488580651599133
6.159999999999957 -0.17039897695098702 -0.5052800509461207 0.4903088998309749
6.179999999999956 -0.17003328173037477 -0.5041845265200614 0.4920162304344917
6.199999999999956 -0.16966830995525095 -0.5030954817429724 0.49370277073956764
6.219999999999955 -0.16930401442008694 -0.5020130987918754 0.4953686493972887
6.239999999999955 -0.1689403563136932 -0.5009375513421686 0.49701399634428534
6.2599999999999545 -0.168577305241201 -0.4998690045564274 0.4986389427645727
6.279999999999954 -0.16821483920301072 -0.49880761509902577 0.500243621049024
6.299999999999954 -0.16785294453169766 -0.49775353117615934 0.5018281647526077
6.319999999999953 -0.16749161578807611 -0.4967068926007369 0.5033927085494929
6.339999999999953 -0.167130855617825 -0.49566783088148675 0.5049373881861181
6.359999999999952 -0.16677067457026168 -0.4946364693355062 0.5064623404323103
6.379999999999952 -0.1664110908810321 -0.49361292322338746 0.5079677030305159
6.3999999999999515 -0.16605213022063722 -0.49259729990594225 0.5094536146432147
6.419999999999951 -0.16569382541087185 -0.4915896990214623 0.5109202147985598
6.439999999999951 -0.16533621611137547 -0.49059021268236475 0.5123676438342978
6.45999999999995 -0.16497934847861612 -0.4895989256899965 0.5137960428400148
6.47999999999995 -0.16462327479972333 -0.48861591576629676 0.5152055535977527
6.499999999999949 -0.16426805310367554 -0.48764125380095896 0.5165963185210466
6.519999999999949 -0.16391374675240877 -0.4866750041126767 0.5179684805924452
6.5399999999999485 -0.1635604240144731 -0.4857172247230121 0.519322183299568
6.559999999999948 -0.16320815762389168 -0.48476796764138624 0.5206575705697913
6.579999999999948 -0.1628570243269028 -0.48382727915965884 0.5219747867036393
6.599999999999947 -0.1625071044192674 -0.4828952001547454 0.5232739763069972
6.619999999999947 -0.16215848127681887 -0.481971766397706 0.5245552842222586
6.639999999999946 -0.16181124088189816 -0.48105700886772124 0.525818855458557
6.659999999999946 -0.16146547134829192 -0.4801509540693948 0.527064835121231
6.6799999999999455 -0.16112126244722552 -0.4792536243518094 0.5282933683407065
6.699999999999945 -0.16077870513690584 -0.4783650382277922 0.5295046002009897
6.719999999999945 -0.16043789109802975 -0.477485210691869 0.5306986756679806
6.739999999999944 -0.16009891227758258 -0.4766141535354191 0.5318757395178412
6.759999999999944 -0.15976186044315221 -0.4757518756575789 0.5330359362656576
6.779999999999943 -0.1594268267498743 -0.4748983833704962 0.5341794100946583
6.799999999999943 -0.15909390132200524 -0.47405368069758785 0.5353063047862485
6.8199999999999426 -0.1587631728509895 -0.47321776966351187 0.5364167636511449
6.839999999999942 -0.15843472821175675 -0.47239065057463886 0.5375109294618815
6.859999999999942 -0.15810865209883804 -0.4715723222888733 0.5385889443869771
6.879999999999941 -0.157785026683749 -0.47076278247375836 0.5396509499270397
6.899999999999941 -0.1574639312949309 -0.4699620278518784 0.5406970868530864
6.91999999999994 -0.15714544212139353 -0.46917005443266263 0.5417274951473472
6.93999999999994 -0.1568296319410371 -0.4683868577297833 0.5427423139468112
6.95999999999994 -0.15651656987448187 -0.46761243296343474 0.5437416814897553
6.979999999999939 -0.1562063211650695 -0.46684677524688123 0.544725735065488
6.999999999999939 -0.15589894698554352 -0.4660898797567553 0.5456946109675078
7.019999999999938 -0.15559450427176086 -0.4653417418866906 0.5466484444502658
7.039999999999938 -0.15529304558363055 -0.4646023573839779 0.5475873696896904
7.059999999999937 -0.15499461899332248 -0.46387172246902497 0.5485115197476077
7.079999999999937 -0.15469926800064832 -0.4631498339375147 0.5494210265401638
7.099999999999937 -0.15440703147536217 -0.46243668924523956 0.550316020810326
7.119999999999936 -0.1541179436260035 -0.461732286575705 0.5511966321045109
7.139999999999936 -0.15383203399476145 -0.46103662489067704 0.552062988753355
7.159999999999935 -0.15354932747771993 -0.4603497039639468 0.5529152178566195
7.179999999999935 -0.15326984436972296 -0.45967152439867837 0.5537534452721827
7.1999999999999345 -0.15299360043298213 -0.45900208762878025 0.5545777956090566
7.219999999999934 -0.15272060698845297 -0.4583413959048396 0.5553883922243223
7.239999999999934 -0.1524508710288976 -0.4576894522652143 0.5561853572238689
7.259999999999933 -0.15218439535247544 -0.45704626049296887 0.5569688114667823
7.279999999999933 -0.1519211787156109 -0.4564118250593911 0.5577388745732189
7.299999999999932 -0.15166121600382282 -0.45578615105489556 0.5584956649355718
7.319999999999932 -0.15140449841913503 -0.4551692441081733 0.5592392997327238
7.3399999999999315 -0.15115101368262954 -0.4545611102944877 0.5599698949471644
7.359999999999931 -0.15090074625066244 -0.45396175603407096 0.5606875653847372
7.379999999999931 -0.1506536775432222 -0.4533711879815958 0.561392424696771
7.39999999999993 -0.15040978618288264 -0.45278941290773966 0.5620845854043446
7.41999999999993 -0.15016904824278365 -0.4522164375738676 0.5627641589244288
7.439999999999929 -0.1499314375020597 -0.4516522686008835 0.563431255597646
7.459999999999929 -0.14969692570713902 -0.4510969123333078 0.564085984717388
7.4799999999999285 -0.14946548283733316 -0.4505503746996313 0.5647284545600392
7.499999999999928 -0.14923707737316033 -0.45001266107000426 0.5653587724160527
7.519999999999928 -0.14901167656586095 -0.44948377611230295 0.565977044621633
7.539999999999927 -0.14878924670659585 -0.44896372364759035 0.566583376590794
7.559999999999927 -0.14856975339385578 -0.44845250650598517 0.5671778728475637
7.579999999999926 -0.14835316179765082 -0.44795012638390574 0.5677606370581207
7.599999999999926 -0.1481394369191024 -0.4474565837036332 0.568331772062667
7.6199999999999255 -0.14792854384411466 -0.446971877476099 0.5688913799068432
7.639999999999925 -0.14772044798986633 -0.44649600516775734 0.5694395618725168
7.659999999999925 -0.1475151153429299 -0.44602896257235897 0.569976418507783
7.679999999999924 -0.14731251268789838 -0.4455707436883937 0.5705020496560385
7.699999999999924 -0.1471126078254755 -0.44512134060291053 0.5710165544839988
7.719999999999923 -0.14691536977907102 -0.4446807433823808 0.5715200315085445
7.739999999999923 -0.14672076898901648 -0.44424893997119475 0.5720125786223036
7.7599999999999225 -0.14652877749361798 -0.44382591609833977 0.5724942931178838
7.779999999999922 -0.14633936909633571 -0.44341165519272924 0.5729652717106903
7.799999999999922 -0.146152519518487 -0.4430061383076082 0.5734256105602671
7.819999999999921 -0.14596820653694859 -0.4426093440543777 0.573875405290129
7.839999999999921 -0.14578641010643653 -0.4422212485461344 0.5743147510060455
7.85999999999992 -0.14560711246602812 -0.44184182535114574 0.5747437423127648
7.87999999999992 -0.14543029822969017 -0.4414710454564273 0.5751624733291643
7.8999999999999195 -0.1452559544606646 -0.4411088772415174 0.5755710377018306
7.919999999999919 -0.14508407072965462 -0.440755286462495 0.57596952861708
7.939999999999919 -0.1449146391568471 -0.4404102362462126 0.5763580388114341
7.959999999999918 -0.14474765443789014 -0.44007368709467465 0.5767366605805769
7.979999999999918 -0.1445831138540294 -0.43974559689941956 0.5771054857868233
7.999999999999917 -0.14442101726669054 -0.43942592096572536 0.5774646058651343
8.019999999999918 -0.14426136709687304 -0.4391146120463962 0.5778141118277201
8.039999999999917 -0.14410416828978884 -0.4388116203848462 0.5781540942672776
8.059999999999917 -0.14394942826525797 -0.4385168937671467 0.5784846433589081
8.079999999999917 -0.14379715685443448 -0.43823037758266803 0.5788058488607672
8.099999999999916 -0.14364736622349325 -0.4379520148928967 0.5791178001135054
8.119999999999916 -0.14350007078497473 -0.4376817465079879 0.5794205860385493
8.139999999999915 -0.1433552870975215 -0.4374195110705659 0.57971429513529
8.159999999999915 -0.1432130337548005 -0.4371652451462672 0.5799990154772328
8.179999999999914 -0.14307333126443403 -0.43691888332049456 0.5802748347071739
8.199999999999914 -0.1429362019178015 -0.43668035830081964 0.5805418400314721
8.219999999999914 -0.14280166965160554 -0.43644960102446995 0.5808001182134699
8.239999999999913 -0.14266975990211467 -0.4362265407703046 0.5810497555661426
8.259999999999913 -0.14254049945301403 -0.43601110527468384 0.5812908379440379
8.279999999999912 -0.14241391627781286 -0.43580322085062845 0.581523450734575
8.299999999999912 -0.14229003937775617 -0.43560281250965566 0.5817476788487741
8.319999999999911 -0.14216889861619525 -0.43540980408568464 0.5819636067114895
8.339999999999911 -0.14205052455036712 -0.4352241183604031 0.5821713182512165
8.35999999999991 -0.1419349482615219 -0.43504567718949355 0.5823708968895467
8.37999999999991 -0.14182220118432654 -0.4348744016291303 0.5825624255303438
8.39999999999991 -0.14171231493645148 -0.43471021206216354 0.582745986548718
8.41999999999991 -0.14160532114922564 -0.434553028323427 0.5829216617798704
8.439999999999909 -0.14150125130022043 -0.43440276982362247 0.5830895325078849
8.459999999999908 -0.14140013654858546 -0.4342593556712513 0.5832496794545415
8.479999999999908 -0.1413020075739333 -0.43412270479209 0.5834021827682276
8.499999999999908 -0.1412068944195225 -0.4339927360457261 0.5835471220130188
8.519999999999907 -0.141114826340456 -0.4338693683386996 0.583684576158006
8.539999999999907 -0.14102583165756086 -0.4337525207338271 0.583814623566937
8.559999999999906 -0.14093993761757365 -0.4336421125553033 0.5839373419882479
8.579999999999906 -0.14085717026020386 -0.433538063489221 0.584052808545547
8.599999999999905 -0.14077755429260144 -0.43344029367917125 0.5841610997286215
8.619999999999905 -0.14070111297169646 -0.4333487238166229 0.5842622913850276
8.639999999999905 -0.14062786799483393 -0.43326327522581315 0.5843564587123261
8.659999999999904 -0.14055783939906563 -0.43318386994291935 0.5844436762510162
8.679999999999904 -0.140491045469412 -0.43311043078930866 0.5845240178782221
8.699999999999903 -0.14042750265634762 -0.4330428814387046 0.5845975568021805
8.719999999999903 -0.1403672255027166 -0.4329811464781438 0.5846643655575697
8.739999999999903 -0.14031022658022027 -0.43292515146262384 0.58472451600172
8.759999999999902 -0.14025651643557813 -0.43287482296338836 0.5847780793117361
8.779999999999902 -0.14020610354639784 -0.4328300886098191 0.5848251259825615
8.799999999999901 -0.14015899428675027 -0.43279087712494324 0.5848657258260044
8.8199999999999 -0.1401151929023882 -0.4327571183545977 0.5848999479707374
8.8399999999999 -0.14007470149550413 -0.4327287432903174 0.5849278608632879
8.8599999999999 -0.14003752001887038 -0.4327056840860492 0.5849495322700147
8.8799999999999 -0.14000364627916886 -0.4326878740688222 0.5849650292800723
8.899999999999899 -0.13997307594926664 -0.4326752477435261 0.5849744183093559
8.919999999999899 -0.1399458025891629 -0.4326677407919864 0.5849777651054064
8.939999999999898 -0.13992181767528633 -0.43266529006653287 0.5849751347532627
8.959999999999898 -0.13990111063779764 -0.43266783357830063 0.5849665916822295
8.979999999999897 -0.13988366890550982 -0.4326753104805012 0.5849521996735364
8.999999999999897 -0.13986947795802043 -0.43268766104694045 0.5849320218688422
9.019999999999897 -0.13985852138461327 -0.4327048266460602 0.5849061207795586
9.039999999999896 -0.13985078094947562 -0.4327267497108068 0.5848745582969341
9.059999999999896 -0.13984623666274387 -0.4327533737046362 0.5848373957028595
9.079999999999895 -0.13984486685688702 -0.43278464308397635 0.5847946936813413
9.099999999999895 -0.1398466482679137 -0.4328205032574842 0.5847465123305822
9.119999999999894 -0.1398515561208798 -0.4328609005424248 0.5846929111756234
9.139999999999894 -0.13985956421917056 -0.43290578211852704 0.5846339491814747
9.159999999999894 -0.13987064503701713 -0.43295509597965043 0.5845696847666861
9.179999999999893 -0.13988476981471476 -0.4330087908836181 0.5845001758172862
9.199999999999893 -0.13990190865600352 -0.43306681630055727 0.584425479701034
9.219999999999892 -0.13992203062707906 -0.43312912236008955 0.5843456532819157
9.239999999999892 -0.13994510385670642 -0.4331956597977115 0.5842607529348262
9.259999999999891 -0.13997109563691887 -0.43326637990069894 0.584170834560372
9.279999999999891 -0.13999997252379345 -0.43334123445385553 0.5840759535997359
9.29999999999989 -0.14003170043780944 -0.4334201756854242 0.5839761650495401
9.31999999999989 -0.14006624476331192 -0.43350315621346697 0.5838715234766556
9.33999999999989 -0.1401035704466183 -0.4335901289930036 0.5837620830328963
9.35999999999989 -0.140143642092328 -0.43368104726419265 0.5836478974695447
9.379999999999889 -0.14018642405741252 -0.4337758645018165 0.5835290201516629
9.399999999999888 -0.1402318805426916 -0.4338745343663256 0.5834055040721342
9.419999999999888 -0.1402799756813201 -0.43397701065667527 0.5832774018653929
9.439999999999888 -0.1403306736239393 -0.43408324726517056 0.5831447658207999
9.459999999999887 -0.140383938620171 -0.43419319813452567 0.5830076478956226
9.479999999999887 -0.14043973509616145 -0.4343068172173129 0.5828660997275876
9.499999999999886 -0.14049802772791115 -0.434424058437975 0.5827201726469677
9.519999999999886 -0.14055878151015236 -0.43454487565753747 0.5825699176881785
9.539999999999885 -0.14062196182057066 -0.43466922264115426 0.5824153856008565
9.559999999999885 -0.14068753447919138 -0.4347970530285929 0.5822566268603987
9.579999999999885 -0.140755465802786 -0.43492832030774636 0.5820936916779395
9.599999999999884 -0.14082572265417861 -0.4350629777912432 0.5819266300097569
9.619999999999884 -0.1408982724863692 -0.4352009785962099 0.5817554915660864
9.639999999999883 -0.14097308338141018 -0.43534227562721256 0.5815803258193418
9.659999999999883 -0.14105012408401144 -0.43548682156240126 0.5814011820117289
9.679999999999882 -0.1411293640298674 -0.4356345688428436 0.581218109162255
9.699999999999882 -0.1412107733687385 -0.43578546966504106 0.581031156073129
9.719999999999882 -0.14129432298233174 -0.43593947597658106 0.5808403713355575
9.739999999999881 -0.14137998449706474 -0.4360965394748803 0.5806458033349365
9.75999999999988 -0.14146773029181134 -0.4362566116089484 0.5804475002554538
9.77999999999988 -0.1415575335007566 -0.4364196435840948 0.5802455100841017
9.79999999999988 -0.14164936801150735 -0.43658558636948164 0.5800398806141204
9.81999999999988 -0.14174320845862537 -0.436754390708417 0.5798306594478793
9.839999999999879 -0.14183903021277258 -0.4369260071312717 0.5796178939992126
9.859999999999879 -0.14193680936567005 -0.43710038597088874 0.5794016314952326
9.879999999999878 -0.1420365227110926 -0.43727747738034584 0.5791819189776274
9.899999999999878 -0.14213814772213543 -0.4374572313529297 0.5789588033034745
9.919999999999877 -0.14224166252499648 -0.43763959774415884 0.5787323311455868
9.939999999999877 -0.1423470458695384 -0.4378245262956994 0.5785025489924123
9.959999999999877 -0.14245427709689523 -0.4380119666610049 0.578269503147515
9.979999999999876 -0.14256333610440133 -0.4382018684325075 0.5780332397286595
9.999999999999876 -0.142674203308124 -0.43839418117018547 0.5777938046665261
10.019999999999875 -0.14278685960329 -0.4385888544313309 0.5775512437030813
10.039999999999875 -0.14290128632289023 -0.4387858378013336 0.5773056023896322
10.059999999999874 -0.14301746519476052 -0.438985080925307 0.5770569260845919
10.079999999999874 -0.14313537829742318 -0.4391865335403688 0.5768052599509832
10.099999999999874 -0.1432550080149837 -0.43939014550840366 0.5765506489537106
10.119999999999873 -0.14337633699136434 -0.43959586684912816 0.5762931378566252
10.139999999999873 -0.14349934808415998 -0.4398036477732839 0.5760327712194164
10.159999999999872 -0.14362402431838886 -0.44001343871579107 0.5757695933943532
10.179999999999872 -0.1437503488404066 -0.440225190368692 0.5755036485229064
10.199999999999871 -0.14387830487224496 -0.4404388537137303 0.57523498053228
10.219999999999871 -0.1440078756666241 -0.440654380054407 0.5749636331318762
10.23999999999987 -0.1441390444628788 -0.4408717210473653 0.5746896498097239
10.25999999999987 -0.1442717944440255 -0.441090828732965 0.5744130738288977
10.27999999999987 -0.14440610869518875 -0.44131165556491353 0.5741339482239474
10.29999999999987 -0.14454197016358591 -0.44153415443882443 0.5738523157973711
10.319999999999869 -0.1446793616202617 -0.4417582787195915 0.5735682191161477
10.339999999999868 -0.1448182656237464 -0.4419839822674675 0.5732817005083598
10.359999999999868 -0.14495866448579592 -0.44221121946274905 0.5729928020599185
10.379999999999868 -0.14510054023935887 -0.44243994522897817 0.5727015656114245
10.399999999999867 -0.1452438746088987 -0.4426701150545842 0.5724080327551688
10.419999999999867 -0.14538864898318415 -0.44290168501288973 0.5721122448323049
10.439999999999866 -0.14553484439064263 -0.44313461178042746 0.5718142429302011
10.459999999999866 -0.14568244147735918 -0.44336885265351234 0.57151406787999
10.479999999999865 -0.1458314204877839 -0.44360436556303323 0.571211760254329
10.499999999999865 -0.14598176124819653 -0.44384110908742924 0.570907360365386
10.519999999999865 -0.146133443152962 -0.44407904246383656 0.5706009082630533
10.539999999999864 -0.146286445153592 -0.4443181255973873 0.5702924437334096
10.559999999999864 -0.14644074575061733 -0.44455831906866505 0.5699820062974259
10.579999999999863 -0.1465963229882565 -0.44479958413932175 0.5696696352099293
10.599999999999863 -0.14675315445185405 -0.4450418827558727 0.5693553694588234
10.619999999999862 -0.14691121726804937 -0.4452851775516969 0.5690392477645695
10.639999999999862 -0.14707048810761983 -0.4455294318472715 0.56872130857993
10.659999999999862 -0.14723094319093544 -0.4457746096486878 0.5684015900899692
10.679999999999861 -0.14739255829594347 -0.44602067564449205 0.568080130212313
10.69999999999986 -0.14755530876859643 -0.446267595200909 0.567756966597662
10.71999999999986 -0.14771916953562325 -0.44651533435551033 0.5674321366305515
10.73999999999986 -0.14788411511953453 -0.44676385980939615 0.5671056774303515
10.75999999999986 -0.14805011965574424 -0.44701313891796185 0.5667776258525011
10.779999999999859 -0.14821715691168239 -0.44726313968033055 0.5664480184899641
10.799999999999859 -0.14838520030776636 -0.4475138307275333 0.5661168916748974
10.819999999999858 -0.1485542229400919 -0.44776518130952575 0.5657842814805216
10.839999999999858 -0.1487241976046984 -0.448017161281129 0.5654502237231778
10.859999999999857 -0.1488950968232633 -0.44826974108698964 0.5651147539645608
10.879999999999857 -0.14906689287006986 -0.4485228917456564 0.5647779075141123
10.899999999999856 -0.1492395578000957 -0.44877658483286675 0.5644397194315607
10.919999999999856 -0.14941306347806513 -0.449030792464145 0.5641002245295919
10.939999999999856 -0.1495873816083071 -0.44928548727681084 0.5637594573766339
10.959999999999855 -0.1497624837652627 -0.4495406424114977 0.5634174522997414
10.979999999999855 -0.1499383414244829 -0.44979623149327896 0.5630742433875632
10.999999999999854 -0.15011492599396228 -0.45005222861250216 0.5627298644933749
11.019999999999854 -0.15029220884565553 -0.45030860830542735 0.5623843492381644
11.039999999999853 -0.15047016134702446 -0.450565345534765 0.5620377310137474
11.059999999999853 -0.15064875489247073 -0.45082241567020676 0.5616900429859046
11.079999999999853 -0.1508279609345095 -0.4510797944690392 0.5613413180975174
11.099999999999852 -0.15100775101454678 -0.4513374580569299 0.5609915890716926
11.119999999999852 -0.1511880967931282 -0.4515953829089673 0.5606408884148573
11.139999999999851 -0.15136897007953165 -0.45185354583103743 0.5602892484198111
11.159999999999851 -0.15155034286058355 -0.45211192394161354 0.5599367011687219
11.17999999999985 -0.15173218732858684 -0.45237049465403045 0.5595832785360494
11.19999999999985 -0.15191447590825086 -0.45262923565931246 0.5592290121913885
11.21999999999985 -0.15209718128252891 -0.45288812490961716 0.5588739336022156
11.23999999999985 -0.1522802764172683 -0.4531471406023547 0.5585180740365299
11.259999999999849 -0.15246373458459272 -0.45340626116503513 0.5581614645653776
11.279999999999848 -0.15264752938494214 -0.4536654652408914 0.5578041360652535
11.299999999999848 -0.15283163476770276 -0.4539247316753231 0.5574461192203617
11.319999999999848 -0.15301602505037085 -0.45418403950319425 0.5570874445247432
11.339999999999847 -0.15320067493620212 -0.4544433679370243 0.5567281422842454
11.359999999999847 -0.1533855595303037 -0.4547026963560901 0.5563682426183456
11.379999999999846 -0.15357065435414025 -0.45496200429646805 0.5560077754618074
11.399999999999846 -0.1537559353584294 -0.45522127144202745 0.5556467705661796
11.419999999999845 -0.15394137893441268 -0.455480477616391 0.5552852575011226
11.439999999999845 -0.15412696192349318 -0.45573960277585907 0.5549232656555698
11.459999999999845 -0.15431266162524687 -0.4559986270033097 0.5545608242387173
11.479999999999844 -0.15449845580381066 -0.45625753050306 0.5541979622808405
11.499999999999844 -0.15468432269266974 -0.456516293596685 0.5538347086339437
11.519999999999843 -0.15487024099786528 -0.45677489671978033 0.5534710919722347
11.539999999999843 -0.1550561898996561 -0.45703332041964595 0.5531071407924377
11.559999999999842 -0.15524214905267192 -0.4572915453538749 0.5527428834139352
11.579999999999842 -0.15542809858460122 -0.4575495522898142 0.5523783479787512
11.599999999999842 -0.15561401909346623 -0.4578073221048744 0.5520135624513769
11.619999999999841 -0.15579989164354074 -0.45806483578764723 0.5516485546184392
11.63999999999984 -0.15598569775996854 -0.4583220744398002 0.5512833520882268
11.65999999999984 -0.15617141942215323 -0.4585790192787068 0.5509179822900688
11.67999999999984 -0.15635703905598425 -0.45883565164076623 0.550552472473581
11.69999999999984 -0.15654253952497552 -0.4590919529853749 0.5501868497077814
11.719999999999839 -0.15672790412039242 -0.45934790489949656 0.5498211408800843
11.739999999999839 -0.1569131165504468 -0.45960348910278503 0.5494553726951807
11.759999999999838 -0.15709816092864154 -0.45985868745320985 0.5490895716738113
11.779999999999838 -0.15728302176134817 -0.4601134819531326 0.5487237641514431
11.799999999999837 -0.15746768393470356 -0.4603678547557808 0.5483579762768565
11.819999999999837 -0.15765213270090986 -0.4606217881720695 0.5479922340106499
11.839999999999836 -0.15783635366402604 -0.4608752646777125 0.5476265631236766
11.859999999999836 -0.15802033276533567 -0.461128266920575 0.5472609891954158
11.879999999999836 -0.15820405626837847 -0.46138077772821195 0.546895537612291
11.899999999999835 -0.15838751074372828 -0.4616327801155368 0.5465302335659468
11.919999999999835 -0.15857068305360525 -0.46188425729257554 0.5461651020514879
11.939999999999834 -0.15875356033640117 -0.46213519267224856 0.5458001678656939
11.959999999999834 -0.1589361299911988 -0.4623855698781321 0.5454354556052186
11.979999999999833 -0.15911837966236492 -0.462635372752155 0.545070989664779
11.999999999999833 -0.1593002972242909 -0.46288458536217614 0.5447067942353495
12.019999999999833 -0.159481870766353 -0.4631331920094066 0.5443428933023626
12.039999999999832 -0.15966308857816283 -0.4633811772356248 0.5439793106439306
12.059999999999832 -0.15984393913517292 -0.46362852583015146 0.5436160698290916
12.079999999999831 -0.16002441108469803 -0.46387522283653815 0.5432531942160937
12.099999999999831 -0.1602044932324129 -0.46412125355894246 0.5428907069507166
12.11999999999983 -0.1603841745293776 -0.46436660356814413 0.542528630964647
12.13999999999983 -0.16056344405964268 -0.4646112587071867 0.5421669889739062
12.15999999999983 -0.16074229102847715 -0.4648552050965992 0.5418058034773432
12.17999999999983 -0.16092070475126025 -0.46509842913918653 0.5414450967551951
12.199999999999829 -0.1610986746430748 -0.4653409175243586 0.5410848908677224
12.219999999999828 -0.1612761902090327 -0.4655826572319813 0.5407252076539214
12.239999999999828 -0.16145324103535857 -0.46582363553573053 0.5403660687303242
12.259999999999827 -0.16162981678125424 -0.4660638400059377 0.540007495489884
12.279999999999827 -0.16180590717156304 -0.46630325851191406 0.5396495091009529
12.299999999999827 -0.16198150199024447 -0.46654187922374807 0.5392921305063548
12.319999999999826 -0.1621565910746692 -0.4667796906135674 0.5389353804225565
12.339999999999826 -0.16233116431073774 -0.4670166814562673 0.5385792793389373
12.359999999999825 -0.16250521162882184 -0.4672528408297015 0.5382238475171625
12.379999999999825 -0.1626787230005258 -0.46748815811434363 0.5378691049906563
12.399999999999824 -0.1628516884362557 -0.46772262299242007 0.5375150715641812
12.419999999999824 -0.16302409798358747 -0.46795622544652676 0.5371617668135191
12.439999999999824 -0.16319594172641363 -0.4681889557577375 0.5368092100852571
12.459999999999823 -0.16336720978485228 -0.46842080450321966 0.5364574204966739
12.479999999999823 -0.16353789231589055 -0.4686517625533681 0.5361064169357308
12.499999999999822 -0.16370797951474078 -0.4688818210684809 0.5357562180611596
12.519999999999822 -0.16387746161687541 -0.46911097149498937 0.5354068423026501
12.539999999999822 -0.16404632890071044 -0.4693392055612677 0.5350583078611326
12.559999999999821 -0.16421457169090273 -0.46956651527304344 0.5347106327091529
12.57999999999982 -0.16438218036222235 -0.4697928929084313 0.5343638345913387
12.59999999999982 -0.16454914534396284 -0.4700183310126174 0.5340179310249491
12.61999999999982 -0.16471545712484828 -0.47024282239222004 0.5336729393005102
12.63999999999982 -0.16488110625839134 -0.47046636010935305 0.533328876482527
12.659999999999819 -0.16504608336866539 -0.47068893747542107 0.5329857594102716
12.679999999999819 -0.1652103791564393 -0.4709105480446749 0.5326436046986396
12.699999999999818 -0.16537398440563347 -0.4711311856075578 0.5323024287390739
12.719999999999818 -0.16553688999005 -0.4713508441838682 0.5319622477005481
12.739999999999817 -0.16569908688033153 -0.4715695180157745 0.5316230775306072
12.759999999999817 -0.1658605661511019 -0.4717872015607074 0.5312849339564583
12.779999999999816 -0.16602131898824252 -0.47200388948416 0.5309478324861082
12.799999999999816 -0.16618133669626117 -0.4722195766524281 0.530611788409542
12.819999999999816 -0.16634061070570438 -0.472434258125316 0.5302768167999377
12.839999999999815 -0.1664991325805739 -0.4726479291488377 0.5299429325149116
12.859999999999815 -0.16665689402570158 -0.47286058514794344 0.5296101501977926
12.879999999999814 -0.16681388689404167 -0.4730722217192945 0.5292784842789123
12.899999999999814 -0.16697010319384045 -0.47328283462411613 0.5289479489769183
12.919999999999813 -0.16712553509564562 -0.4734924197811527 0.5286185583000931
12.939999999999813 -0.16728017493911587 -0.47370097325974647 0.5282903260476859
12.959999999999813 -0.1674340152396 -0.47390849127306844 0.5279632658112426
12.979999999999812 -0.16758704869444707 -0.47411497017151666 0.5276373909759372
12.999999999999812 -0.16773926818902235 -0.47432040643630613 0.527312714721898
13.019999999999811 -0.16789066680239687 -0.4745247966732693 0.5269892500255223
13.03999999999981 -0.168041237812685 -0.4747281376068801 0.5266670096607807
13.05999999999981 -0.16819097470200736 -0.47493042607452446 0.5263460062005041
13.07999999999981 -0.16833987116105653 -0.4751316590210243 0.5260262520176506
13.09999999999981 -0.1684879210932459 -0.47533183349343233 0.525707759286553
13.11999999999981 -0.16863511861842817 -0.47553094663610773 0.5253905399841368
13.139999999999809 -0.16878145807616507 -0.47572899568608 0.5250746058911158
13.159999999999808 -0.168926934028542 -0.47592597796871305 0.5247599685931544
13.179999999999808 -0.16907154126251453 -0.47612189089367013 0.5244466394820004
13.199999999999807 -0.1692152747917819 -0.47631673195118907 0.5241346297565856
13.219999999999807 -0.16935812985818635 -0.476510498708669 0.5238239504240892
13.239999999999807 -0.16950010193263146 -0.4767031888075681 0.52351461230097
13.259999999999806 -0.16964118671552547 -0.4768947999606157 0.5232066260139583
13.279999999999806 -0.16978138013675076 -0.47708532994933434 0.522900002001015
13.299999999999805 -0.16992067835516458 -0.47727477662186935 0.5225947505122507
13.319999999999805 -0.1700590777576397 -0.47746313789112244 0.5222908816108099
13.339999999999804 -0.17019657495765572 -0.4776504117331832 0.5219884051737176
13.359999999999804 -0.1703331667934495 -0.4778365961860497 0.5216873308926884
13.379999999999804 -0.17046885032574255 -0.4780216893486319 0.5213876682749032
13.399999999999803 -0.17060362283505748 -0.47820568938002794 0.5210894266437477
13.419999999999803 -0.17073748181864193 -0.4783885944990623 0.5207926151395188
13.439999999999802 -0.17087042498701915 -0.47857040298407527 0.5204972427200989
13.459999999999802 -0.1710024502601827 -0.47875111317294955 0.5202033181615981
13.479999999999801 -0.1711335557634597 -0.4789307234633632 0.5199108500589689
13.499999999999801 -0.17126373982306192 -0.4791092323132534 0.5196198468265895
13.5199999999998 -0.17139300096134966 -0.47928663824147766 0.5193303166988275
13.5399999999998 -0.17152133789183197 -0.47946293982865523 0.5190422677305746
13.5599999999998 -0.17164874951392764 -0.4796381357181762 0.5187557077977616
13.5799999999998 -0.1717752349075125 -0.4798122246173603 0.518470644597856
13.599999999999799 -0.1719007933272795 -0.47998520529874944 0.5181870856503402
13.619999999999798 -0.17202542419693526 -0.4801570766015185 0.5179050382971769
13.639999999999798 -0.17214912710326202 -0.48032783743298685 0.517624509703263
13.659999999999798 -0.17227190179006985 -0.4804974867702155 0.5173455068568715
13.679999999999797 -0.17239374815206313 -0.48066602366166994 0.5170680365700911
13.699999999999797 -0.17251466622865208 -0.4808334472289387 0.5167921054792567
13.719999999999796 -0.17263465619772903 -0.4809997566684848 0.5165177200453824
13.739999999999796 -0.17275371836943834 -0.4811649512534186 0.5162448865545921
13.759999999999796 -0.17287185317996223 -0.48132903033527386 0.5159736111185578
13.779999999999795 -0.17298906118534801 -0.48149199334577525 0.5157038996749379
13.799999999999795 -0.1731053430553969 -0.4816538397985797 0.5154357579878306
13.819999999999794 -0.17322069956763864 -0.48181456929097843 0.5151691916482337
13.839999999999794 -0.1733351316014134 -0.4819741815055492 0.5149042060745189
13.859999999999793 -0.1734486401320776 -0.4821326762117389 0.5146408065129224
13.879999999999793 -0.17356122622535558 -0.4822900532673741 0.5143789980380524
13.899999999999793 -0.17367289103185457 -0.4824463126200812 0.5141187855534164
13.919999999999792 -0.17378363578175726 -0.4826014543086059 0.51386017379197
13.939999999999792 -0.17389346177970946 -0.48275547846402883 0.5136031673166909
13.959999999999791 -0.17400237039991578 -0.48290838531086044 0.5133477705211746
13.97999999999979 -0.174110363081454 -0.4830601751680111 0.5130939876302619
13.99999999999979 -0.17421744132382386 -0.483210848449631 0.5128418227006898
14.01999999999979 -0.17432360668273336 -0.48336040566580957 0.5125912796217753
14.03999999999979 -0.17442886076613798 -0.4835088474231326 0.5123423621161292
14.059999999999789 -0.17453320523053306 -0.48365617442509073 0.5120950737404008
