0.0 -0.17776192064078147 -0.48994297208335613 0.5007740724197097
0.02 -0.17776192064078147 -0.48994297208335613 0.5007740724197097
0.04 -0.17776192064078147 -0.48994297208335613 0.5007740724197097
0.06 -0.17776192064078147 -0.48994297208335613 0.5007740724197097
0.08 -0.17776192064078147 -0.48994297208335613 0.5007740724197097
0.1 -0.17776192064078147 -0.48994297208335613 0.5007740724197097
0.12000000000000001 -0.17776192064078147 -0.48994297208335613 0.5007740724197097
0.14 -0.17776192064078147 -0.48994297208335613 0.5007740724197097
0.16 -0.17776192064078147 -0.48994297208335613 0.5007740724197097
0.18 -0.17776192064078147 -0.48994297208335613 0.5007740724197097
0.19999999999999998 -0.17776192064078147 -0.48994297208335613 0.5007740724197097
0.21999999999999997 -0.17776192064078147 -0.48994297208335613 0.5007740724197097
0.23999999999999996 -0.17776192064078147 -0.48994297208335613 0.5007740724197097
0.25999999999999995 -0.17776192064078147 -0.48994297208335613 0.5007740724197097
0.27999999999999997 -0.17776192064078147 -0.48994297208335613 0.5007740724197097
0.3 -0.17776192064078147 -0.48994297208335613 0.5007740724197097
0.32 -0.17776192064078147 -0.48994297208335613 0.5007740724197097
0.34 -0.17776192064078147 -0.48994297208335613 0.5007740724197097
0.36000000000000004 -0.17776192064078147 -0.48994297208335613 0.5007740724197097
0.38000000000000006 -0.17776192064078147 -0.48994297208335613 0.5007740724197097
0.4000000000000001 -0.17776192064078147 -0.48994297208335613 0.5007740724197097
0.4200000000000001 -0.17776192064078147 -0.48994297208335613 0.5007740724197097
0.4400000000000001 -0.17776192064078147 -0.48994297208335613 0.5007740724197097
0.46000000000000013 -0.17776192064078147 -0.48994297208335613 0.5007740724197097
0.48000000000000015 -0.17776192064078147 -0.48994297208335613 0.5007740724197097
0.5000000000000001 -0.17776192064078147 -0.48994297208335613 0.5007740724197097
0.5200000000000001 -0.17776192064078147 -0.48994297208335613 0.5007740724197097
0.5400000000000001 -0.17776192064078147 -0.48994297208335613 0.5007740724197097
0.5600000000000002 -0.17776192064078147 -0.48994297208335613 0.5007740724197097
0.5800000000000002 -0.17776192064078147 -0.48994297208335613 0.5007740724197097
0.6000000000000002 -0.17776192064078147 -0.48994297208335613 0.5007740724197097
0.6200000000000002 -0.17776192064078147 -0.48994297208335613 0.5007740724197097
0.6400000000000002 -0.17776192064078147 -0.48994297208335613 0.5007740724197097
0.6600000000000003 -0.17776192064078147 -0.48994297208335613 0.5007740724197097
0.6800000000000003 -0.17776192064078147 -0.48994297208335613 0.5007740724197097
0.7000000000000003 -0.17776192064078147 -0.48994297208335613 0.5007740724197097
0.7200000000000003 -0.17776192064078147 -0.48994297208335613 0.5007740724197097
0.7400000000000003 -0.17776192064078147 -0.48994297208335613 0.5007740724197097
0.7600000000000003 -0.17776192064078147 -0.48994297208335613 0.5007740724197097
0.7800000000000004 -0.17776192064078147 -0.48994297208335613 0.5007740724197097
0.8000000000000004 -0.17776192064078147 -0.48994297208335613 0.5007740724197097
0.8200000000000004 -0.17776192064078147 -0.48994297208335613 0.5007740724197097
0.8400000000000004 -0.17776192064078147 -0.48994297208335613 0.5007740724197097
0.8600000000000004 -0.17776192064078147 -0.48994297208335613 0.5007740724197097
0.8800000000000004 -0.17776192064078147 -0.48994297208335613 0.5007740724197097
0.9000000000000005 -0.17776192064078147 -0.48994297208335613 0.5007740724197097
0.9200000000000005 -0.17776192064078147 -0.48994297208335613 0.5007740724197097
0.9400000000000005 -0.17776192064078147 -0.48994297208335613 0.5007740724197097
0.9600000000000005 -0.17776192064078147 -0.48994297208335613 0.5007740724197097
0.9800000000000005 -0.17776192064078147 -0.48994297208335613 0.5007740724197097
1.0000000000000004 -0.17776192064078147 -0.48994297208335613 0.5007740724197097
1.0200000000000005 -0.17776192064078147 -0.48994297208335613 0.5007740724197097
1.0400000000000005 -0.17776192064078147 -0.48994297208335613 0.5007740724197097
1.0600000000000005 -0.17776192064078147 -0.48994297208335613 0.5007740724197097
1.0800000000000005 -0.17776192064078147 -0.48994297208335613 0.5007740724197097
1.1000000000000005 -0.17776192064078147 -0.48994297208335613 0.5007740724197097
1.1200000000000006 -0.17776192064078147 -0.48994297208335613 0.5007740724197097
1.1400000000000006 -0.17776192064078147 -0.48994297208335613 0.5007740724197097
1.1600000000000006 -0.17776192064078147 -0.48994297208335613 0.5007740724197097
1.1800000000000006 -0.17776192064078147 -0.48994297208335613 0.5007740724197097
1.2000000000000006 -0.17776192064078147 -0.48994297208335613 0.5007740724197097
1.2200000000000006 -0.17776192064078147 -0.48994297208335613 0.5007740724197097
1.2400000000000007 -0.17776192064078147 -0.48994297208335613 0.5007740724197097
1.2600000000000007 -0.17776192064078147 -0.48994297208335613 0.5007740724197097
1.2800000000000007 -0.17776192064078147 -0.48994297208335613 0.5007740724197097
1.3000000000000007 -0.17776192064078147 -0.48994297208335613 0.5007740724197097
1.3200000000000007 -0.17776192064078147 -0.48994297208335613 0.5007740724197097
1.3400000000000007 -0.17776192064078147 -0.48994297208335613 0.5007740724197097
1.3600000000000008 -0.17776192064078147 -0.48994297208335613 0.5007740724197097
1.3800000000000008 -0.17776192064078147 -0.48994297208335613 0.5007740724197097
1.4000000000000008 -0.17776192064078147 -0.48994297208335613 0.5007740724197097
1.4200000000000008 -0.17776192064078147 -0.48994297208335613 0.5007740724197097
1.4400000000000008 -0.17776192064078147 -0.48994297208335613 0.5007740724197097
1.4600000000000009 -0.17776192064078147 -0.48994297208335613 0.5007740724197097
1.4800000000000009 -0.17776192064078147 -0.48994297208335613 0.5007740724197097
1.5000000000000009 -0.17776192064078147 -0.48994297208335613 0.5007740724197097
1.520000000000001 -0.17776192064078147 -0.48994297208335613 0.5007740724197097
1.540000000000001 -0.17776192064078147 -0.48994297208335613 0.5007740724197097
1.560000000000001 -0.17776192064078147 -0.48994297208335613 0.5007740724197097
1.580000000000001 -0.17776192064078147 -0.48994297208335613 0.5007740724197097
1.600000000000001 -0.17776192064078147 -0.48994297208335613 0.5007740724197097
1.620000000000001 -0.17776192064078147 -0.48994297208335613 0.5007740724197097
1.640000000000001 -0.17776192064078147 -0.48994297208335613 0.5007740724197097
1.660000000000001 -0.17776192064078147 -0.48994297208335613 0.5007740724197097
1.680000000000001 -0.17776192064078147 -0.48994297208335613 0.5007740724197097
1.700000000000001 -0.17776192064078147 -0.48994297208335613 0.5007740724197097
1.720000000000001 -0.17776192064078147 -0.48994297208335613 0.5007740724197097
1.740000000000001 -0.17776192064078147 -0.48994297208335613 0.5007740724197097
1.7600000000000011 -0.17776192064078147 -0.48994297208335613 0.5007740724197097
1.7800000000000011 -0.17776192064078147 -0.48994297208335613 0.5007740724197097
1.8000000000000012 -0.17776192064078147 -0.48994297208335613 0.5007740724197097
1.8200000000000012 -0.17776192064078147 -0.48994297208335613 0.5007740724197097
1.8400000000000012 -0.17776192064078147 -0.48994297208335613 0.5007740724197097
1.8600000000000012 -0.17776192064078147 -0.48994297208335613 0.5007740724197097
1.8800000000000012 -0.17776192064078147 -0.48994297208335613 0.5007740724197097
1.9000000000000012 -0.17776192064078147 -0.48994297208335613 0.5007740724197097
1.9200000000000013 -0.17776192064078147 -0.48994297208335613 0.5007740724197097
1.9400000000000013 -0.17776192064078147 -0.48994297208335613 0.5007740724197097
1.9600000000000013 -0.17776192064078147 -0.48994297208335613 0.5007740724197097
1.9800000000000013 -0.17776192064078147 -0.48994297208335613 0.5007740724197097
2.0000000000000013 -0.17776192064078147 -0.48994297208335613 0.5007740724197097
2.0200000000000014 -0.17776192064078147 -0.48994297208335613 0.5007740724197097
2.0400000000000014 -0.17776192064078147 -0.48994297208335613 0.5007740724197097
2.0600000000000014 -0.17776192064078147 -0.48994297208335613 0.5007740724197097
2.0800000000000014 -0.17776192064078147 -0.48994297208335613 0.5007740724197097
2.1000000000000014 -0.17776192064078147 -0.48994297208335613 0.5007740724197097
2.1200000000000014 -0.17776192064078147 -0.48994297208335613 0.5007740724197097
2.1400000000000015 -0.17776192064078147 -0.48994297208335613 0.5007740724197097
2.1600000000000015 -0.17776192064078147 -0.48994297208335613 0.5007740724197097
2.1800000000000015 -0.17776192064078147 -0.48994297208335613 0.5007740724197097
2.2000000000000015 -0.17776192064078147 -0.48994297208335613 0.5007740724197097
2.2200000000000015 -0.17776192064078147 -0.48994297208335613 0.5007740724197097
2.2400000000000015 -0.17776192064078147 -0.48994297208335613 0.5007740724197097
2.2600000000000016 -0.17776192064078147 -0.48994297208335613 0.5007740724197097
2.2800000000000016 -0.17776192064078147 -0.48994297208335613 0.5007740724197097
2.3000000000000016 -0.17776192064078147 -0.48994297208335613 0.5007740724197097
2.3200000000000016 -0.17776192064078147 -0.48994297208335613 0.5007740724197097
2.3400000000000016 -0.17776192064078147 -0.48994297208335613 0.5007740724197097
2.3600000000000017 -0.17776192064078147 -0.48994297208335613 0.5007740724197097
2.3800000000000017 -0.17776192064078147 -0.48994297208335613 0.5007740724197097
2.4000000000000017 -0.17776192064078147 -0.48994297208335613 0.5007740724197097
2.4200000000000017 -0.17776192064078147 -0.48994297208335613 0.5007740724197097
2.4400000000000017 -0.17776192064078147 -0.48994297208335613 0.5007740724197097
2.4600000000000017 -0.17776192064078147 -0.48994297208335613 0.5007740724197097
2.4800000000000018 -0.17776192064078147 -0.48994297208335613 0.5007740724197097
2.5000000000000018 -0.17776192064078147 -0.48994297208335613 0.5007740724197097
2.520000000000002 -0.17776192064078147 -0.48994297208335613 0.5007740724197097
2.540000000000002 -0.17776192064078147 -0.48994297208335613 0.5007740724197097
2.560000000000002 -0.17776192064078147 -0.48994297208335613 0.5007740724197097
2.580000000000002 -0.17776192064078147 -0.48994297208335613 0.5007740724197097
2.600000000000002 -0.17776192064078147 -0.48994297208335613 0.5007740724197097
2.620000000000002 -0.17776192064078147 -0.48994297208335613 0.5007740724197097
2.640000000000002 -0.17776192064078147 -0.48994297208335613 0.5007740724197097
2.660000000000002 -0.17776192064078147 -0.48994297208335613 0.5007740724197097
2.680000000000002 -0.17776192064078147 -0.48994297208335613 0.5007740724197097
2.700000000000002 -0.17776192064078147 -0.48994297208335613 0.5007740724197097
2.720000000000002 -0.17776192064078147 -0.48994297208335613 0.5007740724197097
2.740000000000002 -0.17776192064078147 -0.48994297208335613 0.5007740724197097
2.760000000000002 -0.17776192064078147 -0.48994297208335613 0.5007740724197097
2.780000000000002 -0.17776192064078147 -0.48994297208335613 0.5007740724197097
2.800000000000002 -0.17776192064078147 -0.48994297208335613 0.5007740724197097
2.820000000000002 -0.17776192064078147 -0.48994297208335613 0.5007740724197097
2.840000000000002 -0.17776192064078147 -0.48994297208335613 0.5007740724197097
2.860000000000002 -0.17776192064078147 -0.48994297208335613 0.5007740724197097
2.880000000000002 -0.17776192064078147 -0.48994297208335613 0.5007740724197097
2.900000000000002 -0.17776192064078147 -0.48994297208335613 0.5007740724197097
2.920000000000002 -0.17776192064078147 -0.48994297208335613 0.5007740724197097
2.940000000000002 -0.17776192064078147 -0.48994297208335613 0.5007740724197097
2.960000000000002 -0.17776192064078147 -0.48994297208335613 0.5007740724197097
2.980000000000002 -0.17776192064078147 -0.48994297208335613 0.5007740724197097
3.000000000000002 -0.17776192064078147 -0.48994297208335613 0.5007740724197097
3.0200000000000022 -0.17776192064078147 -0.48994297208335613 0.5007740724197097
3.0400000000000023 -0.17776192064078147 -0.48994297208335613 0.5007740724197097
3.0600000000000023 -0.17776192064078147 -0.48994297208335613 0.5007740724197097
3.0800000000000023 -0.17776192064078147 -0.48994297208335613 0.5007740724197097
3.1000000000000023 -0.17776192064078147 -0.48994297208335613 0.5007740724197097
3.1200000000000023 -0.17776192064078147 -0.48994297208335613 0.5007740724197097
3.1400000000000023 -0.17776192064078147 -0.48994297208335613 0.5007740724197097
3.1600000000000024 -0.17776192064078147 -0.48994297208335613 0.5007740724197097
3.1800000000000024 -0.17776192064078147 -0.48994297208335613 0.5007740724197097
3.2000000000000024 -0.17776192064078147 -0.48994297208335613 0.5007740724197097
3.2200000000000024 -0.17776192064078147 -0.48994297208335613 0.5007740724197097
3.2400000000000024 -0.17776192064078147 -0.48994297208335613 0.5007740724197097
3.2600000000000025 -0.17776192064078147 -0.48994297208335613 0.5007740724197097
3.2800000000000025 -0.17776192064078147 -0.48994297208335613 0.5007740724197097
3.3000000000000025 -0.17776192064078147 -0.48994297208335613 0.5007740724197097
3.3200000000000025 -0.17776192064078147 -0.48994297208335613 0.5007740724197097
3.3400000000000025 -0.17776192064078147 -0.48994297208335613 0.5007740724197097
3.3600000000000025 -0.17776192064078147 -0.48994297208335613 0.5007740724197097
3.3800000000000026 -0.17776192064078147 -0.48994297208335613 0.5007740724197097
3.4000000000000026 -0.17776192064078147 -0.48994297208335613 0.5007740724197097
3.4200000000000026 -0.17776192064078147 -0.48994297208335613 0.5007740724197097
3.4400000000000026 -0.17776192064078147 -0.48994297208335613 0.5007740724197097
3.4600000000000026 -0.17776192064078147 -0.48994297208335613 0.5007740724197097
3.4800000000000026 -0.17776192064078147 -0.48994297208335613 0.5007740724197097
3.5000000000000027 -0.17776192064078147 -0.48994297208335613 0.5007740724197097
3.5200000000000027 -0.17776192064078147 -0.48994297208335613 0.5007740724197097
3.5400000000000027 -0.17776192064078147 -0.48994297208335613 0.5007740724197097
3.5600000000000027 -0.17776192064078147 -0.48994297208335613 0.5007740724197097
3.5800000000000027 -0.17776192064078147 -0.48994297208335613 0.5007740724197097
3.6000000000000028 -0.17776192064078147 -0.48994297208335613 0.5007740724197097
3.6200000000000028 -0.17776192064078147 -0.48994297208335613 0.5007740724197097
3.640000000000003 -0.17776192064078147 -0.48994297208335613 0.5007740724197097
3.660000000000003 -0.17776192064078147 -0.48994297208335613 0.5007740724197097
3.680000000000003 -0.17776192064078147 -0.48994297208335613 0.5007740724197097
3.700000000000003 -0.17776192064078147 -0.48994297208335613 0.5007740724197097
3.720000000000003 -0.17776192064078147 -0.48994297208335613 0.5007740724197097
3.740000000000003 -0.17776192064078147 -0.48994297208335613 0.5007740724197097
3.760000000000003 -0.17776192064078147 -0.48994297208335613 0.5007740724197097
3.780000000000003 -0.17776192064078147 -0.48994297208335613 0.5007740724197097
3.800000000000003 -0.17776192064078147 -0.48994297208335613 0.5007740724197097
3.820000000000003 -0.17776192064078147 -0.48994297208335613 0.5007740724197097
3.840000000000003 -0.17776192064078147 -0.48994297208335613 0.5007740724197097
3.860000000000003 -0.17776192064078147 -0.48994297208335613 0.5007740724197097
3.880000000000003 -0.17776192064078147 -0.48994297208335613 0.5007740724197097
3.900000000000003 -0.17776192064078147 -0.48994297208335613 0.5007740724197097
3.920000000000003 -0.17776192064078147 -0.48994297208335613 0.5007740724197097
3.940000000000003 -0.17776192064078147 -0.48994297208335613 0.5007740724197097
3.960000000000003 -0.17776192064078147 -0.48994297208335613 0.5007740724197097
3.980000000000003 -0.17776192064078147 -0.48994297208335613 0.5007740724197097
4.000000000000003 -0.17776192064078147 -0.48994297208335613 0.5007740724197097
4.020000000000002 -0.17776192064078147 -0.48994297208335613 0.5007740724197097
4.040000000000002 -0.17776192064078147 -0.48994297208335613 0.5007740724197097
4.060000000000001 -0.17776192064078147 -0.48994297208335613 0.5007740724197097
4.080000000000001 -0.17776192064078147 -0.48994297208335613 0.5007740724197097
4.1000000000000005 -0.17776192064078147 -0.48994297208335613 0.5007740724197097
4.12 -0.17776192064078147 -0.48994297208335613 0.5007740724197097
4.14 -0.17776192064078147 -0.48994297208335613 0.5007740724197097
4.159999999999999 -0.17776192064078147 -0.48994297208335613 0.5007740724197097
4.179999999999999 -0.17776192064078147 -0.48994297208335613 0.5007740724197097
4.199999999999998 -0.17776192064078147 -0.48994297208335613 0.5007740724197097
4.219999999999998 -0.17776192064078147 -0.48994297208335613 0.5007740724197097
4.2399999999999975 -0.17776192064078147 -0.48994297208335613 0.5007740724197097
4.259999999999997 -0.17776192064078147 -0.48994297208335613 0.5007740724197097
4.279999999999997 -0.17776192064078147 -0.48994297208335613 0.5007740724197097
4.299999999999996 -0.17776192064078147 -0.48994297208335613 0.5007740724197097
4.319999999999996 -0.17776192064078147 -0.48994297208335613 0.5007740724197097
4.339999999999995 -0.17776192064078147 -0.48994297208335613 0.5007740724197097
4.359999999999995 -0.17776192064078147 -0.48994297208335613 0.5007740724197097
4.379999999999995 -0.17776192064078147 -0.48994297208335613 0.5007740724197097
4.399999999999994 -0.17776192064078147 -0.48994297208335613 0.5007740724197097
4.419999999999994 -0.17776192064078147 -0.48994297208335613 0.5007740724197097
4.439999999999993 -0.17776192064078147 -0.48994297208335613 0.5007740724197097
4.459999999999993 -0.17776192064078147 -0.48994297208335613 0.5007740724197097
4.479999999999992 -0.17776192064078147 -0.48994297208335613 0.5007740724197097
4.499999999999992 -0.17776192064078147 -0.48994297208335613 0.5007740724197097
4.519999999999992 -0.17776192064078147 -0.48994297208335613 0.5007740724197097
4.539999999999991 -0.17776192064078147 -0.48994297208335613 0.5007740724197097
4.559999999999991 -0.17776192064078147 -0.48994297208335613 0.5007740724197097
4.57999999999999 -0.17776192064078147 -0.48994297208335613 0.5007740724197097
4.59999999999999 -0.17776192064078147 -0.48994297208335613 0.5007740724197097
4.6199999999999894 -0.17776192064078147 -0.48994297208335613 0.5007740724197097
4.639999999999989 -0.17776192064078147 -0.48994297208335613 0.5007740724197097
4.659999999999989 -0.17776192064078147 -0.48994297208335613 0.5007740724197097
4.679999999999988 -0.17776192064078147 -0.48994297208335613 0.5007740724197097
4.699999999999988 -0.17776192064078147 -0.48994297208335613 0.5007740724197097
4.719999999999987 -0.17776192064078147 -0.48994297208335613 0.5007740724197097
4.739999999999987 -0.17776192064078147 -0.48994297208335613 0.5007740724197097
4.7599999999999865 -0.17776192064078147 -0.48994297208335613 0.5007740724197097
4.779999999999986 -0.17776192064078147 -0.48994297208335613 0.5007740724197097
4.799999999999986 -0.17776192064078147 -0.48994297208335613 0.5007740724197097
4.819999999999985 -0.17776192064078147 -0.48994297208335613 0.5007740724197097
4.839999999999985 -0.17776192064078147 -0.48994297208335613 0.5007740724197097
4.859999999999984 -0.17776192064078147 -0.48994297208335613 0.5007740724197097
4.879999999999984 -0.17776192064078147 -0.48994297208335613 0.5007740724197097
4.8999999999999835 -0.17776192064078147 -0.48994297208335613 0.5007740724197097
4.919999999999983 -0.17776192064078147 -0.48994297208335613 0.5007740724197097
4.939999999999983 -0.17776192064078147 -0.48994297208335613 0.5007740724197097
4.959999999999982 -0.17776192064078147 -0.48994297208335613 0.5007740724197097
4.979999999999982 -0.17776192064078147 -0.48994297208335613 0.5007740724197097
4.999999999999981 -0.17776192064078147 -0.48994297208335613 0.5007740724197097
5.019999999999981 -0.17776192064078147 -0.48994297208335613 0.5007740724197097
5.0399999999999805 -0.17776192064078147 -0.48994297208335613 0.5007740724197097
5.05999999999998 -0.17776192064078147 -0.48994297208335613 0.5007740724197097
5.07999999999998 -0.17776192064078147 -0.48994297208335613 0.5007740724197097
5.099999999999979 -0.17776192064078147 -0.48994297208335613 0.5007740724197097
5.119999999999979 -0.17776192064078147 -0.48994297208335613 0.5007740724197097
5.139999999999978 -0.17776192064078147 -0.48994297208335613 0.5007740724197097
5.159999999999978 -0.17776192064078147 -0.48994297208335613 0.5007740724197097
5.1799999999999775 -0.17776192064078147 -0.48994297208335613 0.5007740724197097
5.199999999999977 -0.17776192064078147 -0.48994297208335613 0.5007740724197097
5.219999999999977 -0.17776192064078147 -0.48994297208335613 0.5007740724197097
5.239999999999976 -0.17776192064078147 -0.48994297208335613 0.5007740724197097
5.259999999999976 -0.17776192064078147 -0.48994297208335613 0.5007740724197097
5.279999999999975 -0.17776192064078147 -0.48994297208335613 0.5007740724197097
5.299999999999975 -0.17776192064078147 -0.48994297208335613 0.5007740724197097
5.3199999999999745 -0.17776192064078147 -0.48994297208335613 0.5007740724197097
5.339999999999974 -0.17776192064078147 -0.48994297208335613 0.5007740724197097
5.359999999999974 -0.17776192064078147 -0.48994297208335613 0.5007740724197097
5.379999999999973 -0.17776192064078147 -0.48994297208335613 0.5007740724197097
5.399999999999973 -0.17776192064078147 -0.48994297208335613 0.5007740724197097
5.419999999999972 -0.17776192064078147 -0.48994297208335613 0.5007740724197097
5.439999999999972 -0.17776192064078147 -0.48994297208335613 0.5007740724197097
5.4599999999999715 -0.17776192064078147 -0.48994297208335613 0.5007740724197097
5.479999999999971 -0.17776192064078147 -0.48994297208335613 0.5007740724197097
5.499999999999971 -0.17776192064078147 -0.48994297208335613 0.5007740724197097
5.51999999999997 -0.17776192064078147 -0.48994297208335613 0.5007740724197097
5.53999999999997 -0.17776192064078147 -0.48994297208335613 0.5007740724197097
5.559999999999969 -0.17776192064078147 -0.48994297208335613 0.5007740724197097
5.579999999999969 -0.17776192064078147 -0.48994297208335613 0.5007740724197097
5.599999999999969 -0.17776192064078147 -0.48994297208335613 0.5007740724197097
5.619999999999968 -0.17776192064078147 -0.48994297208335613 0.5007740724197097
5.639999999999968 -0.17776192064078147 -0.48994297208335613 0.5007740724197097
5.659999999999967 -0.17776192064078147 -0.48994297208335613 0.5007740724197097
5.679999999999967 -0.17776192064078147 -0.48994297208335613 0.5007740724197097
5.699999999999966 -0.17776192064078147 -0.48994297208335613 0.5007740724197097
5.719999999999966 -0.17776192064078147 -0.48994297208335613 0.5007740724197097
5.739999999999966 -0.17776192064078147 -0.48994297208335613 0.5007740724197097
5.759999999999965 -0.17776192064078147 -0.48994297208335613 0.5007740724197097
5.779999999999965 -0.17776192064078147 -0.48994297208335613 0.5007740724197097
5.799999999999964 -0.17776192064078147 -0.48994297208335613 0.5007740724197097
5.819999999999964 -0.17776192064078147 -0.48994297208335613 0.5007740724197097
5.839999999999963 -0.17776192064078147 -0.48994297208335613 0.5007740724197097
5.859999999999963 -0.17776192064078147 -0.48994297208335613 0.5007740724197097
5.879999999999963 -0.17776192064078147 -0.48994297208335613 0.5007740724197097
5.899999999999962 -0.17776192064078147 -0.48994297208335613 0.5007740724197097
5.919999999999962 -0.17776192064078147 -0.48994297208335613 0.5007740724197097
5.939999999999961 -0.17776192064078147 -0.48994297208335613 0.5007740724197097
5.959999999999961 -0.17776192064078147 -0.48994297208335613 0.5007740724197097
5.9799999999999605 -0.17776192064078147 -0.48994297208335613 0.5007740724197097
5.99999999999996 -0.17776192064078147 -0.48994297208335613 0.5007740724197097
6.01999999999996 -0.17776192064078147 -0.48994297208335613 0.5007740724197097
6.039999999999959 -0.17776192064078147 -0.48994297208335613 0.5007740724197097
6.059999999999959 -0.17776192064078147 -0.48994297208335613 0.5007740724197097
6.079999999999958 -0.17776192064078147 -0.48994297208335613 0.5007740724197097
6.099999999999958 -0.17776192064078147 -0.48994297208335613 0.5007740724197097
6.1199999999999575 -0.17776192064078147 -0.48994297208335613 0.5007740724197097
6.139999999999957 -0.17776192064078147 -0.48994297208335613 0.5007740724197097
6.159999999999957 -0.17776192064078147 -0.48994297208335613 0.5007740724197097
6.179999999999956 -0.17776192064078147 -0.48994297208335613 0.5007740724197097
6.199999999999956 -0.17776192064078147 -0.48994297208335613 0.5007740724197097
6.219999999999955 -0.17776192064078147 -0.48994297208335613 0.5007740724197097
6.239999999999955 -0.17776192064078147 -0.48994297208335613 0.5007740724197097
6.2599999999999545 -0.17776192064078147 -0.48994297208335613 0.5007740724197097
6.279999999999954 -0.17776192064078147 -0.48994297208335613 0.5007740724197097
6.299999999999954 -0.17776192064078147 -0.48994297208335613 0.5007740724197097
6.319999999999953 -0.17776192064078147 -0.48994297208335613 0.5007740724197097
6.339999999999953 -0.17776192064078147 -0.48994297208335613 0.5007740724197097
6.359999999999952 -0.17776192064078147 -0.48994297208335613 0.5007740724197097
6.379999999999952 -0.17776192064078147 -0.48994297208335613 0.5007740724197097
6.3999999999999515 -0.17776192064078147 -0.48994297208335613 0.5007740724197097
6.419999999999951 -0.17776192064078147 -0.48994297208335613 0.5007740724197097
6.439999999999951 -0.17776192064078147 -0.48994297208335613 0.5007740724197097
6.45999999999995 -0.17776192064078147 -0.48994297208335613 0.5007740724197097
6.47999999999995 -0.17776192064078147 -0.48994297208335613 0.5007740724197097
6.499999999999949 -0.17776192064078147 -0.48994297208335613 0.5007740724197097
6.519999999999949 -0.17776192064078147 -0.48994297208335613 0.5007740724197097
6.5399999999999485 -0.17776192064078147 -0.48994297208335613 0.5007740724197097
6.559999999999948 -0.17776192064078147 -0.48994297208335613 0.5007740724197097
6.579999999999948 -0.17776192064078147 -0.48994297208335613 0.5007740724197097
6.599999999999947 -0.17776192064078147 -0.48994297208335613 0.5007740724197097
6.619999999999947 -0.17776192064078147 -0.48994297208335613 0.5007740724197097
6.639999999999946 -0.17776192064078147 -0.48994297208335613 0.5007740724197097
6.659999999999946 -0.17776192064078147 -0.48994297208335613 0.5007740724197097
6.6799999999999455 -0.17776192064078147 -0.48994297208335613 0.5007740724197097
6.699999999999945 -0.17776192064078147 -0.48994297208335613 0.5007740724197097
6.719999999999945 -0.17776192064078147 -0.48994297208335613 0.5007740724197097
6.739999999999944 -0.17776192064078147 -0.48994297208335613 0.5007740724197097
6.759999999999944 -0.17776192064078147 -0.48994297208335613 0.5007740724197097
6.779999999999943 -0.17776192064078147 -0.48994297208335613 0.5007740724197097
6.799999999999943 -0.17776192064078147 -0.48994297208335613 0.5007740724197097
6.8199999999999426 -0.17776192064078147 -0.48994297208335613 0.5007740724197097
6.839999999999942 -0.17776192064078147 -0.48994297208335613 0.5007740724197097
6.859999999999942 -0.17776192064078147 -0.48994297208335613 0.5007740724197097
6.879999999999941 -0.17776192064078147 -0.48994297208335613 0.5007740724197097
6.899999999999941 -0.17776192064078147 -0.48994297208335613 0.5007740724197097
6.91999999999994 -0.17776192064078147 -0.48994297208335613 0.5007740724197097
6.93999999999994 -0.17776192064078147 -0.48994297208335613 0.5007740724197097
6.95999999999994 -0.17776192064078147 -0.48994297208335613 0.5007740724197097
6.979999999999939 -0.17776192064078147 -0.48994297208335613 0.5007740724197097
6.999999999999939 -0.17776192064078147 -0.48994297208335613 0.5007740724197097
7.019999999999938 -0.17776192064078147 -0.48994297208335613 0.5007740724197097
7.039999999999938 -0.17776192064078147 -0.48994297208335613 0.5007740724197097
7.059999999999937 -0.17776192064078147 -0.48994297208335613 0.5007740724197097
7.079999999999937 -0.17776192064078147 -0.48994297208335613 0.5007740724197097
7.099999999999937 -0.17776192064078147 -0.48994297208335613 0.5007740724197097
7.119999999999936 -0.17776192064078147 -0.48994297208335613 0.5007740724197097
7.139999999999936 -0.17776192064078147 -0.48994297208335613 0.5007740724197097
7.159999999999935 -0.17776192064078147 -0.48994297208335613 0.5007740724197097
7.179999999999935 -0.17776192064078147 -0.48994297208335613 0.5007740724197097
7.1999999999999345 -0.17776192064078147 -0.48994297208335613 0.5007740724197097
7.219999999999934 -0.17776192064078147 -0.48994297208335613 0.5007740724197097
7.239999999999934 -0.17776192064078147 -0.48994297208335613 0.5007740724197097
7.259999999999933 -0.17776192064078147 -0.48994297208335613 0.5007740724197097
7.279999999999933 -0.17776192064078147 -0.48994297208335613 0.5007740724197097
7.299999999999932 -0.17776192064078147 -0.48994297208335613 0.5007740724197097
7.319999999999932 -0.17776192064078147 -0.48994297208335613 0.5007740724197097
7.3399999999999315 -0.17776192064078147 -0.48994297208335613 0.5007740724197097
7.359999999999931 -0.17776192064078147 -0.48994297208335613 0.5007740724197097
7.379999999999931 -0.17776192064078147 -0.48994297208335613 0.5007740724197097
7.39999999999993 -0.17776192064078147 -0.48994297208335613 0.5007740724197097
7.41999999999993 -0.17776192064078147 -0.48994297208335613 0.5007740724197097
7.439999999999929 -0.17776192064078147 -0.48994297208335613 0.5007740724197097
7.459999999999929 -0.17776192064078147 -0.48994297208335613 0.5007740724197097
7.4799999999999285 -0.17776192064078147 -0.48994297208335613 0.5007740724197097
7.499999999999928 -0.17776192064078147 -0.48994297208335613 0.5007740724197097
7.519999999999928 -0.17776192064078147 -0.48994297208335613 0.5007740724197097
7.539999999999927 -0.17776192064078147 -0.48994297208335613 0.5007740724197097
7.559999999999927 -0.17776192064078147 -0.48994297208335613 0.5007740724197097
7.579999999999926 -0.17776192064078147 -0.48994297208335613 0.5007740724197097
7.599999999999926 -0.17776192064078147 -0.48994297208335613 0.5007740724197097
7.6199999999999255 -0.17776192064078147 -0.48994297208335613 0.5007740724197097
7.639999999999925 -0.17776192064078147 -0.48994297208335613 0.5007740724197097
7.659999999999925 -0.17776192064078147 -0.48994297208335613 0.5007740724197097
7.679999999999924 -0.17776192064078147 -0.48994297208335613 0.5007740724197097
7.699999999999924 -0.17776192064078147 -0.48994297208335613 0.5007740724197097
7.719999999999923 -0.17776192064078147 -0.48994297208335613 0.5007740724197097
7.739999999999923 -0.17776192064078147 -0.48994297208335613 0.5007740724197097
7.7599999999999225 -0.17776192064078147 -0.48994297208335613 0.5007740724197097
7.779999999999922 -0.17776192064078147 -0.48994297208335613 0.5007740724197097
7.799999999999922 -0.17776192064078147 -0.48994297208335613 0.5007740724197097
7.819999999999921 -0.17776192064078147 -0.48994297208335613 0.5007740724197097
7.839999999999921 -0.17776192064078147 -0.48994297208335613 0.5007740724197097
7.85999999999992 -0.17776192064078147 -0.48994297208335613 0.5007740724197097
7.87999999999992 -0.17776192064078147 -0.48994297208335613 0.5007740724197097
7.8999999999999195 -0.17776192064078147 -0.48994297208335613 0.5007740724197097
7.919999999999919 -0.17776192064078147 -0.48994297208335613 0.5007740724197097
7.939999999999919 -0.17776192064078147 -0.48994297208335613 0.5007740724197097
7.959999999999918 -0.17776192064078147 -0.48994297208335613 0.5007740724197097
7.979999999999918 -0.17776192064078147 -0.48994297208335613 0.5007740724197097
7.999999999999917 -0.17776192064078147 -0.48994297208335613 0.5007740724197097
8.019999999999918 -0.17776192064078147 -0.48994297208335613 0.5007740724197097
8.039999999999917 -0.17776192064078147 -0.48994297208335613 0.5007740724197097
8.059999999999917 -0.17776192064078147 -0.48994297208335613 0.5007740724197097
8.079999999999917 -0.17776192064078147 -0.48994297208335613 0.5007740724197097
8.099999999999916 -0.17776192064078147 -0.48994297208335613 0.5007740724197097
8.119999999999916 -0.17776192064078147 -0.48994297208335613 0.5007740724197097
8.139999999999915 -0.17776192064078147 -0.48994297208335613 0.5007740724197097
8.159999999999915 -0.17776192064078147 -0.48994297208335613 0.5007740724197097
8.179999999999914 -0.17776192064078147 -0.48994297208335613 0.5007740724197097
8.199999999999914 -0.17776192064078147 -0.48994297208335613 0.5007740724197097
8.219999999999914 -0.17776192064078147 -0.48994297208335613 0.5007740724197097
8.239999999999913 -0.17776192064078147 -0.48994297208335613 0.5007740724197097
8.259999999999913 -0.17776192064078147 -0.48994297208335613 0.5007740724197097
8.279999999999912 -0.17776192064078147 -0.48994297208335613 0.5007740724197097
8.299999999999912 -0.17776192064078147 -0.48994297208335613 0.5007740724197097
8.319999999999911 -0.17776192064078147 -0.48994297208335613 0.5007740724197097
8.339999999999911 -0.17776192064078147 -0.48994297208335613 0.5007740724197097
8.35999999999991 -0.17776192064078147 -0.48994297208335613 0.5007740724197097
8.37999999999991 -0.17776192064078147 -0.48994297208335613 0.5007740724197097
8.39999999999991 -0.17776192064078147 -0.48994297208335613 0.5007740724197097
8.41999999999991 -0.17776192064078147 -0.48994297208335613 0.5007740724197097
8.439999999999909 -0.17776192064078147 -0.48994297208335613 0.5007740724197097
8.459999999999908 -0.17776192064078147 -0.48994297208335613 0.5007740724197097
8.479999999999908 -0.17776192064078147 -0.48994297208335613 0.5007740724197097
8.499999999999908 -0.17776192064078147 -0.48994297208335613 0.5007740724197097
8.519999999999907 -0.17776192064078147 -0.48994297208335613 0.5007740724197097
8.539999999999907 -0.17776192064078147 -0.48994297208335613 0.5007740724197097
8.559999999999906 -0.17776192064078147 -0.48994297208335613 0.5007740724197097
8.579999999999906 -0.17776192064078147 -0.48994297208335613 0.5007740724197097
8.599999999999905 -0.17776192064078147 -0.48994297208335613 0.5007740724197097
8.619999999999905 -0.17776192064078147 -0.48994297208335613 0.5007740724197097
8.639999999999905 -0.17776192064078147 -0.48994297208335613 0.5007740724197097
8.659999999999904 -0.17776192064078147 -0.48994297208335613 0.5007740724197097
8.679999999999904 -0.17776192064078147 -0.48994297208335613 0.5007740724197097
8.699999999999903 -0.17776192064078147 -0.48994297208335613 0.5007740724197097
8.719999999999903 -0.17776192064078147 -0.48994297208335613 0.5007740724197097
8.739999999999903 -0.17776192064078147 -0.48994297208335613 0.5007740724197097
8.759999999999902 -0.17776192064078147 -0.48994297208335613 0.5007740724197097
8.779999999999902 -0.17776192064078147 -0.48994297208335613 0.5007740724197097
8.799999999999901 -0.17776192064078147 -0.48994297208335613 0.5007740724197097
8.8199999999999 -0.17776192064078147 -0.48994297208335613 0.5007740724197097
8.8399999999999 -0.17776192064078147 -0.48994297208335613 0.5007740724197097
8.8599999999999 -0.17776192064078147 -0.48994297208335613 0.5007740724197097
8.8799999999999 -0.17776192064078147 -0.48994297208335613 0.5007740724197097
8.899999999999899 -0.17776192064078147 -0.48994297208335613 0.5007740724197097
8.919999999999899 -0.17776192064078147 -0.48994297208335613 0.5007740724197097
8.939999999999898 -0.17776192064078147 -0.48994297208335613 0.5007740724197097
8.959999999999898 -0.17776192064078147 -0.48994297208335613 0.5007740724197097
8.979999999999897 -0.17776192064078147 -0.48994297208335613 0.5007740724197097
8.999999999999897 -0.17776192064078147 -0.48994297208335613 0.5007740724197097
9.019999999999897 -0.17776192064078147 -0.48994297208335613 0.5007740724197097
9.039999999999896 -0.17776192064078147 -0.48994297208335613 0.5007740724197097
9.059999999999896 -0.17776192064078147 -0.48994297208335613 0.5007740724197097
9.079999999999895 -0.17776192064078147 -0.48994297208335613 0.5007740724197097
9.099999999999895 -0.17776192064078147 -0.48994297208335613 0.5007740724197097
9.119999999999894 -0.17776192064078147 -0.48994297208335613 0.5007740724197097
9.139999999999894 -0.17776192064078147 -0.48994297208335613 0.5007740724197097
9.159999999999894 -0.17776192064078147 -0.48994297208335613 0.5007740724197097
9.179999999999893 -0.17776192064078147 -0.48994297208335613 0.5007740724197097
9.199999999999893 -0.17776192064078147 -0.48994297208335613 0.5007740724197097
9.219999999999892 -0.17776192064078147 -0.48994297208335613 0.5007740724197097
9.239999999999892 -0.17776192064078147 -0.48994297208335613 0.5007740724197097
9.259999999999891 -0.17776192064078147 -0.48994297208335613 0.5007740724197097
9.279999999999891 -0.17776192064078147 -0.48994297208335613 0.5007740724197097
9.29999999999989 -0.17776192064078147 -0.48994297208335613 0.5007740724197097
9.31999999999989 -0.17776192064078147 -0.48994297208335613 0.5007740724197097
9.33999999999989 -0.17776192064078147 -0.48994297208335613 0.5007740724197097
9.35999999999989 -0.17776192064078147 -0.48994297208335613 0.5007740724197097
9.379999999999889 -0.17776192064078147 -0.48994297208335613 0.5007740724197097
9.399999999999888 -0.17776192064078147 -0.48994297208335613 0.5007740724197097
9.419999999999888 -0.17776192064078147 -0.48994297208335613 0.5007740724197097
9.439999999999888 -0.17776192064078147 -0.48994297208335613 0.5007740724197097
9.459999999999887 -0.17776192064078147 -0.48994297208335613 0.5007740724197097
9.479999999999887 -0.17776192064078147 -0.48994297208335613 0.5007740724197097
9.499999999999886 -0.17776192064078147 -0.48994297208335613 0.5007740724197097
9.519999999999886 -0.17776192064078147 -0.48994297208335613 0.5007740724197097
9.539999999999885 -0.17776192064078147 -0.48994297208335613 0.5007740724197097
9.559999999999885 -0.17776192064078147 -0.48994297208335613 0.5007740724197097
9.579999999999885 -0.17776192064078147 -0.48994297208335613 0.5007740724197097
9.599999999999884 -0.17776192064078147 -0.48994297208335613 0.5007740724197097
9.619999999999884 -0.17776192064078147 -0.48994297208335613 0.5007740724197097
9.639999999999883 -0.17776192064078147 -0.48994297208335613 0.5007740724197097
9.659999999999883 -0.17776192064078147 -0.48994297208335613 0.5007740724197097
9.679999999999882 -0.17776192064078147 -0.48994297208335613 0.5007740724197097
9.699999999999882 -0.17776192064078147 -0.48994297208335613 0.5007740724197097
9.719999999999882 -0.17776192064078147 -0.48994297208335613 0.5007740724197097
9.739999999999881 -0.17776192064078147 -0.48994297208335613 0.5007740724197097
9.75999999999988 -0.17776192064078147 -0.48994297208335613 0.5007740724197097
9.77999999999988 -0.17776192064078147 -0.48994297208335613 0.5007740724197097
9.79999999999988 -0.17776192064078147 -0.48994297208335613 0.5007740724197097
9.81999999999988 -0.17776192064078147 -0.48994297208335613 0.5007740724197097
9.839999999999879 -0.17776192064078147 -0.48994297208335613 0.5007740724197097
9.859999999999879 -0.17776192064078147 -0.48994297208335613 0.5007740724197097
9.879999999999878 -0.17776192064078147 -0.48994297208335613 0.5007740724197097
9.899999999999878 -0.17776192064078147 -0.48994297208335613 0.5007740724197097
9.919999999999877 -0.17776192064078147 -0.48994297208335613 0.5007740724197097
9.939999999999877 -0.17776192064078147 -0.48994297208335613 0.5007740724197097
9.959999999999877 -0.17776192064078147 -0.48994297208335613 0.5007740724197097
9.979999999999876 -0.17776192064078147 -0.48994297208335613 0.5007740724197097
9.999999999999876 -0.17776192064078147 -0.48994297208335613 0.5007740724197097
10.019999999999875 -0.17776192064078147 -0.48994297208335613 0.5007740724197097
10.039999999999875 -0.17776192064078147 -0.48994297208335613 0.5007740724197097
10.059999999999874 -0.17776192064078147 -0.48994297208335613 0.5007740724197097
10.079999999999874 -0.17776192064078147 -0.48994297208335613 0.5007740724197097
10.099999999999874 -0.17776192064078147 -0.48994297208335613 0.5007740724197097
10.119999999999873 -0.17776192064078147 -0.48994297208335613 0.5007740724197097
10.139999999999873 -0.17776192064078147 -0.48994297208335613 0.5007740724197097
10.159999999999872 -0.17776192064078147 -0.48994297208335613 0.5007740724197097
10.179999999999872 -0.17776192064078147 -0.48994297208335613 0.5007740724197097
10.199999999999871 -0.17776192064078147 -0.48994297208335613 0.5007740724197097
10.219999999999871 -0.17776192064078147 -0.48994297208335613 0.5007740724197097
10.23999999999987 -0.17776192064078147 -0.48994297208335613 0.5007740724197097
10.25999999999987 -0.17776192064078147 -0.48994297208335613 0.5007740724197097
10.27999999999987 -0.17776192064078147 -0.48994297208335613 0.5007740724197097
10.29999999999987 -0.17776192064078147 -0.48994297208335613 0.5007740724197097
10.319999999999869 -0.17776192064078147 -0.48994297208335613 0.5007740724197097
10.339999999999868 -0.17776192064078147 -0.48994297208335613 0.5007740724197097
10.359999999999868 -0.17776192064078147 -0.48994297208335613 0.5007740724197097
10.379999999999868 -0.17776192064078147 -0.48994297208335613 0.5007740724197097
10.399999999999867 -0.17776192064078147 -0.48994297208335613 0.5007740724197097
10.419999999999867 -0.17776192064078147 -0.48994297208335613 0.5007740724197097
10.439999999999866 -0.17776192064078147 -0.48994297208335613 0.5007740724197097
10.459999999999866 -0.17776192064078147 -0.48994297208335613 0.5007740724197097
10.479999999999865 -0.17776192064078147 -0.48994297208335613 0.5007740724197097
10.499999999999865 -0.17776192064078147 -0.48994297208335613 0.5007740724197097
10.519999999999865 -0.17776192064078147 -0.48994297208335613 0.5007740724197097
10.539999999999864 -0.17776192064078147 -0.48994297208335613 0.5007740724197097
10.559999999999864 -0.17776192064078147 -0.48994297208335613 0.5007740724197097
10.579999999999863 -0.17776192064078147 -0.48994297208335613 0.5007740724197097
10.599999999999863 -0.17776192064078147 -0.48994297208335613 0.5007740724197097
10.619999999999862 -0.17776192064078147 -0.48994297208335613 0.5007740724197097
10.639999999999862 -0.17776192064078147 -0.48994297208335613 0.5007740724197097
10.659999999999862 -0.17776192064078147 -0.48994297208335613 0.5007740724197097
10.679999999999861 -0.17776192064078147 -0.48994297208335613 0.5007740724197097
10.69999999999986 -0.17776192064078147 -0.48994297208335613 0.5007740724197097
10.71999999999986 -0.17776192064078147 -0.48994297208335613 0.5007740724197097
10.73999999999986 -0.17776192064078147 -0.48994297208335613 0.5007740724197097
10.75999999999986 -0.17776192064078147 -0.48994297208335613 0.5007740724197097
10.779999999999859 -0.17776192064078147 -0.48994297208335613 0.5007740724197097
10.799999999999859 -0.17776192064078147 -0.48994297208335613 0.5007740724197097
10.819999999999858 -0.17776192064078147 -0.48994297208335613 0.5007740724197097
10.839999999999858 -0.17776192064078147 -0.48994297208335613 0.5007740724197097
10.859999999999857 -0.17776192064078147 -0.48994297208335613 0.5007740724197097
10.879999999999857 -0.17776192064078147 -0.48994297208335613 0.5007740724197097
10.899999999999856 -0.17776192064078147 -0.48994297208335613 0.5007740724197097
10.919999999999856 -0.17776192064078147 -0.48994297208335613 0.5007740724197097
10.939999999999856 -0.17776192064078147 -0.48994297208335613 0.5007740724197097
10.959999999999855 -0.17776192064078147 -0.48994297208335613 0.5007740724197097
10.979999999999855 -0.17776192064078147 -0.48994297208335613 0.5007740724197097
10.999999999999854 -0.17776192064078147 -0.48994297208335613 0.5007740724197097
11.019999999999854 -0.17776192064078147 -0.48994297208335613 0.5007740724197097
11.039999999999853 -0.17776192064078147 -0.48994297208335613 0.5007740724197097
11.059999999999853 -0.17776192064078147 -0.48994297208335613 0.5007740724197097
11.079999999999853 -0.17776192064078147 -0.48994297208335613 0.5007740724197097
11.099999999999852 -0.17776192064078147 -0.48994297208335613 0.5007740724197097
11.119999999999852 -0.17776192064078147 -0.48994297208335613 0.5007740724197097
11.139999999999851 -0.17776192064078147 -0.48994297208335613 0.5007740724197097
11.159999999999851 -0.17776192064078147 -0.48994297208335613 0.5007740724197097
11.17999999999985 -0.17776192064078147 -0.48994297208335613 0.5007740724197097
11.19999999999985 -0.17776192064078147 -0.48994297208335613 0.5007740724197097
11.21999999999985 -0.17776192064078147 -0.48994297208335613 0.5007740724197097
11.23999999999985 -0.17776192064078147 -0.48994297208335613 0.5007740724197097
11.259999999999849 -0.17776192064078147 -0.48994297208335613 0.5007740724197097
11.279999999999848 -0.17776192064078147 -0.48994297208335613 0.5007740724197097
11.299999999999848 -0.17776192064078147 -0.48994297208335613 0.5007740724197097
11.319999999999848 -0.17776192064078147 -0.48994297208335613 0.5007740724197097
11.339999999999847 -0.17776192064078147 -0.48994297208335613 0.5007740724197097
11.359999999999847 -0.17776192064078147 -0.48994297208335613 0.5007740724197097
11.379999999999846 -0.17776192064078147 -0.48994297208335613 0.5007740724197097
11.399999999999846 -0.17776192064078147 -0.48994297208335613 0.5007740724197097
11.419999999999845 -0.17776192064078147 -0.48994297208335613 0.5007740724197097
11.439999999999845 -0.17776192064078147 -0.48994297208335613 0.5007740724197097
11.459999999999845 -0.17776192064078147 -0.48994297208335613 0.5007740724197097
11.479999999999844 -0.17776192064078147 -0.48994297208335613 0.5007740724197097
11.499999999999844 -0.17776192064078147 -0.48994297208335613 0.5007740724197097
11.519999999999843 -0.17776192064078147 -0.48994297208335613 0.5007740724197097
11.539999999999843 -0.17776192064078147 -0.48994297208335613 0.5007740724197097
11.559999999999842 -0.17776192064078147 -0.48994297208335613 0.5007740724197097
11.579999999999842 -0.17776192064078147 -0.48994297208335613 0.5007740724197097
11.599999999999842 -0.17776192064078147 -0.48994297208335613 0.5007740724197097
11.619999999999841 -0.17776192064078147 -0.48994297208335613 0.5007740724197097
11.63999999999984 -0.17776192064078147 -0.48994297208335613 0.5007740724197097
11.65999999999984 -0.17776192064078147 -0.48994297208335613 0.5007740724197097
11.67999999999984 -0.17776192064078147 -0.48994297208335613 0.5007740724197097
11.69999999999984 -0.17776192064078147 -0.48994297208335613 0.5007740724197097
11.719999999999839 -0.17776192064078147 -0.48994297208335613 0.5007740724197097
11.739999999999839 -0.17776192064078147 -0.48994297208335613 0.5007740724197097
11.759999999999838 -0.17776192064078147 -0.48994297208335613 0.5007740724197097
11.779999999999838 -0.17776192064078147 -0.48994297208335613 0.5007740724197097
11.799999999999837 -0.17776192064078147 -0.48994297208335613 0.5007740724197097
11.819999999999837 -0.17776192064078147 -0.48994297208335613 0.5007740724197097
11.839999999999836 -0.17776192064078147 -0.48994297208335613 0.5007740724197097
11.859999999999836 -0.17776192064078147 -0.48994297208335613 0.5007740724197097
11.879999999999836 -0.17776192064078147 -0.48994297208335613 0.5007740724197097
11.899999999999835 -0.17776192064078147 -0.48994297208335613 0.5007740724197097
11.919999999999835 -0.17776192064078147 -0.48994297208335613 0.5007740724197097
11.939999999999834 -0.17776192064078147 -0.48994297208335613 0.5007740724197097
11.959999999999834 -0.17776192064078147 -0.48994297208335613 0.5007740724197097
11.979999999999833 -0.17776192064078147 -0.48994297208335613 0.5007740724197097
11.999999999999833 -0.17776192064078147 -0.48994297208335613 0.5007740724197097
12.019999999999833 -0.17776192064078147 -0.48994297208335613 0.5007740724197097
12.039999999999832 -0.17776192064078147 -0.48994297208335613 0.5007740724197097
12.059999999999832 -0.17776192064078147 -0.48994297208335613 0.5007740724197097
12.079999999999831 -0.17776192064078147 -0.48994297208335613 0.5007740724197097
12.099999999999831 -0.17776192064078147 -0.48994297208335613 0.5007740724197097
12.11999999999983 -0.17776192064078147 -0.48994297208335613 0.5007740724197097
12.13999999999983 -0.17776192064078147 -0.48994297208335613 0.5007740724197097
12.15999999999983 -0.17776192064078147 -0.48994297208335613 0.5007740724197097
12.17999999999983 -0.17776192064078147 -0.48994297208335613 0.5007740724197097
12.199999999999829 -0.17776192064078147 -0.48994297208335613 0.5007740724197097
12.219999999999828 -0.17776192064078147 -0.48994297208335613 0.5007740724197097
12.239999999999828 -0.17776192064078147 -0.48994297208335613 0.5007740724197097
12.259999999999827 -0.17776192064078147 -0.48994297208335613 0.5007740724197097
12.279999999999827 -0.17776192064078147 -0.48994297208335613 0.5007740724197097
12.299999999999827 -0.17776192064078147 -0.48994297208335613 0.5007740724197097
12.319999999999826 -0.17776192064078147 -0.48994297208335613 0.5007740724197097
12.339999999999826 -0.17776192064078147 -0.48994297208335613 0.5007740724197097
12.359999999999825 -0.17776192064078147 -0.48994297208335613 0.5007740724197097
12.379999999999825 -0.17776192064078147 -0.48994297208335613 0.5007740724197097
12.399999999999824 -0.17776192064078147 -0.48994297208335613 0.5007740724197097
12.419999999999824 -0.17776192064078147 -0.48994297208335613 0.5007740724197097
12.439999999999824 -0.17776192064078147 -0.48994297208335613 0.5007740724197097
12.459999999999823 -0.17776192064078147 -0.48994297208335613 0.5007740724197097
12.479999999999823 -0.17776192064078147 -0.48994297208335613 0.5007740724197097
12.499999999999822 -0.17776192064078147 -0.48994297208335613 0.5007740724197097
12.519999999999822 -0.17776192064078147 -0.48994297208335613 0.5007740724197097
12.539999999999822 -0.17776192064078147 -0.48994297208335613 0.5007740724197097
12.559999999999821 -0.17776192064078147 -0.48994297208335613 0.5007740724197097
12.57999999999982 -0.17776192064078147 -0.48994297208335613 0.5007740724197097
12.59999999999982 -0.17776192064078147 -0.48994297208335613 0.5007740724197097
12.61999999999982 -0.17776192064078147 -0.48994297208335613 0.5007740724197097
12.63999999999982 -0.17776192064078147 -0.48994297208335613 0.5007740724197097
12.659999999999819 -0.17776192064078147 -0.48994297208335613 0.5007740724197097
12.679999999999819 -0.17776192064078147 -0.48994297208335613 0.5007740724197097
12.699999999999818 -0.17776192064078147 -0.48994297208335613 0.5007740724197097
12.719999999999818 -0.17776192064078147 -0.48994297208335613 0.5007740724197097
12.739999999999817 -0.17776192064078147 -0.48994297208335613 0.5007740724197097
12.759999999999817 -0.17776192064078147 -0.48994297208335613 0.5007740724197097
12.779999999999816 -0.17776192064078147 -0.48994297208335613 0.5007740724197097
12.799999999999816 -0.17776192064078147 -0.48994297208335613 0.5007740724197097
12.819999999999816 -0.17776192064078147 -0.48994297208335613 0.5007740724197097
12.839999999999815 -0.17776192064078147 -0.48994297208335613 0.5007740724197097
12.859999999999815 -0.17776192064078147 -0.48994297208335613 0.5007740724197097
12.879999999999814 -0.17776192064078147 -0.48994297208335613 0.5007740724197097
12.899999999999814 -0.17776192064078147 -0.48994297208335613 0.5007740724197097
12.919999999999813 -0.17776192064078147 -0.48994297208335613 0.5007740724197097
12.939999999999813 -0.17776192064078147 -0.48994297208335613 0.5007740724197097
12.959999999999813 -0.17776192064078147 -0.48994297208335613 0.5007740724197097
12.979999999999812 -0.17776192064078147 -0.48994297208335613 0.5007740724197097
12.999999999999812 -0.17776192064078147 -0.48994297208335613 0.5007740724197097
13.019999999999811 -0.17776192064078147 -0.48994297208335613 0.5007740724197097
13.03999999999981 -0.17776192064078147 -0.48994297208335613 0.5007740724197097
13.05999999999981 -0.17776192064078147 -0.48994297208335613 0.5007740724197097
13.07999999999981 -0.17776192064078147 -0.48994297208335613 0.5007740724197097
13.09999999999981 -0.17776192064078147 -0.48994297208335613 0.5007740724197097
13.11999999999981 -0.17776192064078147 -0.48994297208335613 0.5007740724197097
13.139999999999809 -0.17776192064078147 -0.48994297208335613 0.5007740724197097
13.159999999999808 -0.17776192064078147 -0.48994297208335613 0.5007740724197097
13.179999999999808 -0.17776192064078147 -0.48994297208335613 0.5007740724197097
13.199999999999807 -0.17776192064078147 -0.48994297208335613 0.5007740724197097
13.219999999999807 -0.17776192064078147 -0.48994297208335613 0.5007740724197097
13.239999999999807 -0.17776192064078147 -0.48994297208335613 0.5007740724197097
13.259999999999806 -0.17776192064078147 -0.48994297208335613 0.5007740724197097
13.279999999999806 -0.17776192064078147 -0.48994297208335613 0.5007740724197097
13.299999999999805 -0.17776192064078147 -0.48994297208335613 0.5007740724197097
13.319999999999805 -0.17776192064078147 -0.48994297208335613 0.5007740724197097
13.339999999999804 -0.17776192064078147 -0.48994297208335613 0.5007740724197097
13.359999999999804 -0.17776192064078147 -0.48994297208335613 0.5007740724197097
13.379999999999804 -0.17776192064078147 -0.48994297208335613 0.5007740724197097
13.399999999999803 -0.17776192064078147 -0.48994297208335613 0.5007740724197097
13.419999999999803 -0.17776192064078147 -0.48994297208335613 0.5007740724197097
13.439999999999802 -0.17776192064078147 -0.48994297208335613 0.5007740724197097
13.459999999999802 -0.17776192064078147 -0.48994297208335613 0.5007740724197097
13.479999999999801 -0.17776192064078147 -0.48994297208335613 0.5007740724197097
13.499999999999801 -0.17776192064078147 -0.48994297208335613 0.5007740724197097
13.5199999999998 -0.17776192064078147 -0.48994297208335613 0.5007740724197097
13.5399999999998 -0.17776192064078147 -0.48994297208335613 0.5007740724197097
13.5599999999998 -0.17776192064078147 -0.48994297208335613 0.5007740724197097
13.5799999999998 -0.17776192064078147 -0.48994297208335613 0.5007740724197097
13.599999999999799 -0.17776192064078147 -0.48994297208335613 0.5007740724197097
13.619999999999798 -0.17776192064078147 -0.48994297208335613 0.5007740724197097
13.639999999999798 -0.17776192064078147 -0.48994297208335613 0.5007740724197097
13.659999999999798 -0.17776192064078147 -0.48994297208335613 0.5007740724197097
13.679999999999797 -0.17776192064078147 -0.48994297208335613 0.5007740724197097
13.699999999999797 -0.17776192064078147 -0.48994297208335613 0.5007740724197097
13.719999999999796 -0.17776192064078147 -0.48994297208335613 0.5007740724197097
13.739999999999796 -0.17776192064078147 -0.48994297208335613 0.5007740724197097
13.759999999999796 -0.17776192064078147 -0.48994297208335613 0.5007740724197097
13.779999999999795 -0.17776192064078147 -0.48994297208335613 0.5007740724197097
13.799999999999795 -0.17776192064078147 -0.48994297208335613 0.5007740724197097
13.819999999999794 -0.17776192064078147 -0.48994297208335613 0.5007740724197097
13.839999999999794 -0.17776192064078147 -0.48994297208335613 0.5007740724197097
13.859999999999793 -0.17776192064078147 -0.48994297208335613 0.5007740724197097
13.879999999999793 -0.17776192064078147 -0.48994297208335613 0.5007740724197097
13.899999999999793 -0.17776192064078147 -0.48994297208335613 0.5007740724197097
13.919999999999792 -0.17776192064078147 -0.48994297208335613 0.5007740724197097
13.939999999999792 -0.17776192064078147 -0.48994297208335613 0.5007740724197097
13.959999999999791 -0.17776192064078147 -0.48994297208335613 0.5007740724197097
13.97999999999979 -0.17776192064078147 -0.48994297208335613 0.5007740724197097
13.99999999999979 -0.17776192064078147 -0.48994297208335613 0.5007740724197097
14.01999999999979 -0.17776192064078147 -0.48994297208335613 0.5007740724197097
14.03999999999979 -0.17776192064078147 -0.48994297208335613 0.5007740724197097
14.059999999999789 -0.17776192064078147 -0.48994297208335613 0.5007740724197097
